-79.8703
-74.1319
-78.5992
-73.113
-74.867
-79.0527
-71.8542
-76.6436
-77.2975
-70.2557
-72.0239
-76.1251
-64.5497
-79.6725
-75.2239
-73.7133
-77.9531
-65.688
-74.2295
-73.0919
-80.5369
-82.5227
-74.7978
-77.0467
-72.1516
-81.6055
-75.0938
-81.6836
-81.2832
-75.2467
-64.0449
-69.4196
-74.6785
-73.9533
-79.1334
-78.1746
-75.5391
-73.4885
-74.2947
-72.4834
-65.9721
-76.3674
-80.2042
-82.0152
-68.9889
-75.0418
-73.8876
-75.7352
-81.9756
-82.9707
-76.7466
-64.5342
-70.4686
-73.1177
-73.3548
-81.934
-83.4982
-82.0365
-72.5633
-67.6257
-72.2007
-72.3379
-64.04
-83.853
-82.3128
-80.479
-75.0608
-65.4914
-66.3017
-68.4554
-69.1389
-73.8374
-80.5641
-80.3082
-80.8849
-80.9403
-69.3538
-70.26
-79.5752
-80.2848
-82.6786
-83.0743
-67.4045
-70.3651
-70.6639
-82.4481
-85.2875
-85.94
-65.0873
-67.9586
-69.2963
-66.4219
-69.4049
-83.1547
-86.8205
-64.3543
-67.876
-68.1167
-62.3149
-82.7945
-86.3991
-86.869
-62.9652
-67.3318
-66.2278
-86.5955
-87.0735
-85.6837
-64.6639
-65.9946
-65.3534
-85.4422
