214.786,281.329,47.5357,23.7902,1.44691
403.385,434.444,581.621,97.9301,1.50069
205.426,444.931,28.3869,20.6878,-1.42101
283.413,718.432,117.059,87.8252,-0.455032
183.118,751.201,13.0438,11.662,-1.14318
133.136,781.907,111.453,28.6009,1.04634
181.921,899.2,15.759,14.429,2.96439e-323
181.921,899.2,15.759,14.429,0.334175
417.075,916.954,714.584,87.1464,1.27063
431.891,925.756,727.333,89.585,1.25443
436.373,932.568,735.184,90.3294,1.25145
177.353,1036.33,183.546,23.4976,1.51919
1040.71,1068.6,39.9694,25.7528,-1.42942
1035.1,1070.87,32.6606,17.9763,-1.41313
493.749,1113.94,827.59,132.071,1.00941
621.201,1131.3,450.501,130.021,-0.155417
328.723,1149.83,437.525,57.0949,1.22316
176.487,1210.85,13.7753,8.78425,1.47792
187.555,1235.51,11.7041,10.5673,1.40272
204.699,1242.42,390.761,36.8016,1.47635
116.219,1244.56,79.4376,23.9622,-0.5739
221.74,1315.3,464.844,41.1332,1.45423
639.245,1315.37,497.777,97.9838,-0.549403
795.374,1334.73,385.557,57.5079,-0.801036
360.767,1345.46,290.925,76.5103,0.802985
145.776,1363.17,168.765,30.447,-1.38318
657.756,1382.41,520.69,83.463,-0.677232
660.67,1393.98,524.848,78.0699,-0.695044
208.017,1413.2,217.785,19.1472,1.43138
666.705,1415.31,534.791,76.7973,-0.734681
672.078,1427.91,539.595,75.7079,-0.759517
686.604,1464.45,505.009,64.563,-0.552811
1023.36,1474.5,79.1969,32.7318,-0.622536
494.822,1546.55,276.983,39.757,-0.198609
770.9,1555.39,646.352,181.128,1.54115
366.172,1567.94,146.663,29.3375,-0.231089
967.854,1589.71,18.2487,15.7481,2.96439e-323
967.854,1589.71,18.2487,15.7481,1.52729
236.951,1599.57,13.6044,9.90499,0.0161203
657.605,1649.71,360.397,227.246,-0.0725127
329.846,1676.05,94.7703,50.2614,-0.081435
264.758,1705.33,14.2164,9.28615,0.0962276
623.733,1723.82,330.113,182.634,0.219426
279.327,1771.84,18.5825,14.998,-0.296436
756900,56550,4225,870,65
1,758641,50518,3364,871
58,1,758641,51389,3481
871,59,1,758641,52260
3600,871,60,1,758641
53131,3721,871,61,1
760384,47960,3025,872,55
1,2.24658e-57,5.99879e-67,1.00566e-47,1.44976e-47
3.45303e-86,2.34148e-57,760384,49704,3249
872,57,1,762129,41904
2304,873,48,1,762129
42777,2401,873,49,1
762129,43650,2500,873,50
1,762129,44523,2601,873
51,1,762129,45396,2704
873,52,1,762129,46269
2809,873,53,1,762129
47142,2916,873,54,1
763876,24472,784,874,28
1,763876,25346,841,874
29,1,763876,26220,900
874,30,1,763876,27094
961,874,31,1,763876
27968,1024,874,32,1
763876,28842,1089,874,33
1,763876,29716,1156,874
34,1,763876,31464,1296
874,36,1,763876,32338
1369,874,37,1,763876
33212,1444,874,38,1
763876,34086,1521,874,39
1,763876,34960,1600,874
40,1,763876,35834,1681
874,41,1,763876,36708
1764,874,42,1,763876
37582,1849,874,43,1
763876,38456,1936,874,44
1,763876,39330,2025,874
45,1,763876,40204,2116
874,46,1,763876,41078
2209,874,47,1,765625
22750,676,875,26,1
765625,23625,729,875,27
1,751689,66759,5929,867
77,1,751689,67626,6084
867,78,1,0,962
0,963,484,964,484
965,484,966,484,967
485,956,485,957,485
958,485,959,485,960
485,961,486,950,486
951,486,952,486,953
486,954,487,945,487
946,488,941,3.24878e-311,3.2509e-311
3.25302e-311,3.25514e-311,3.25726e-311,3.25939e-311,3.26151e-311
3.26363e-311,3.26575e-311,3.26787e-311,3.27e-311,3.27212e-311
3.27424e-311,3.27636e-311,3.27848e-311,3.28061e-311,3.28273e-311
3.28485e-311,3.28697e-311,3.28909e-311,3.29122e-311,3.29334e-311
3.29546e-311,3.29758e-311,0,3.30183e-311,0
3.30607e-311,3.30819e-311,3.31031e-311,3.31244e-311,3.31456e-311
3.31668e-311,3.3188e-311,3.32092e-311,3.32305e-311,3.32517e-311
3.32729e-311,3.32941e-311,3.33153e-311,3.33366e-311,3.33578e-311
3.3379e-311,3.34002e-311,3.34214e-311,3.34427e-311,3.34639e-311
3.34851e-311,3.35063e-311,3.35275e-311,3.35488e-311,3.357e-311
3.35912e-311,3.36124e-311,3.36336e-311,3.36549e-311,3.36761e-311
3.36973e-311,3.37185e-311,3.37397e-311,3.3761e-311,1
162409,661323,2.69288e+06,403,1641
1,163216,662964,2.69288e+06,404
1641,1,163216,663368,2.69616e+06
404,1642,1,164025,665010
2.69616e+06,405,1642,1,170569
679798,0,413,0,1
170569,680211,2.71261e+06,413,1647
1,171396,681858,2.71261e+06,414
1647,1,171396,682272,2.7159e+06
414,1648,1,172225,683920
2.7159e+06,415,1648,1,172225
684335,2.7192e+06,415,1649,1
172225,684750,2.7225e+06,415,1650
1,173056,686400,2.7225e+06,416
1650,1,173056,686816,2.7258e+06
416,1651,1,173889,688467
2.7258e+06,417,1651,1,173889
688884,2.7291e+06,417,1652,1
174724,690536,2.7291e+06,418,1652
1,175561,692188,2.7291e+06,419
1652,1,1029,1477,1029
1478,1029,1479,1029,1480
1029,1481,1029,1482,1029
1483,1029,1484,1029,1485
1026,1508,1026,1509,1026
1510,1026,1511,1026,1512
1026,1513,1026,1514,1026
1515,1027,1504,1027,1505
1027,1506,1027,1507,1028
1498,1028,1499,1028,1500
1028,1501,1028,1502,0
1503,2.39565e-314,1518,1028,1519
1028,1520,1028,1521,1028
1522,1028,1523,1028,1524
1028,1525,1028,1526,1028
1527,1028,1528,1028,1529
1028,1530,1028,1531,1028
1532,1028,1533,1028,1534
1029,1493,1029,1494,1029
1495,1029,1496,1029,1497
1049,1561,1049,1562,1049
1563,1049,1564,1049,1565
1049,1566,1049,1567,1049
1568,1049,1569,0,1570
2.39565e-314,1571,1049,1572,1049
1573,1049,1574,1049,1575
1049,1576,1049,1577,1049
1578,1049,1579,4.83905e-33,1.28196e-153
1.037e-42,3.63393e-43,1.35856e-153,4.45388e-33,3.63656e-43
1.58231e-153,3.68415e-57,3.63393e-43,1.50773e-153,3.68415e-57
2.37867e-38,1.73177e-153,4.58221e-72,4.58221e-72,4.58442e-72
4.58332e-72,4.58442e-72,4.58774e-72,4.59106e-72,1.56e-33
1.65719e-153,1.58233e-47,3.63393e-43,1.5826e-153,4.58332e-72
4.58664e-72,4.58333e-72,4.58111e-72,3.84346e-57,2.38325e-38
1.88094e-153,4.64645e-33,2.38268e-38,1.5826e-153,3.84346e-57
2.38154e-38,1.43344e-153,1.36547e-71,1.56227e-33,1.58289e-153
8.94877e-67,5.54093e-48,2.65037e-311,2.65249e-311,2.65462e-311
2.65037e-311,2.65249e-311,2.65462e-311,2.65037e-311,2.65249e-311
2.65462e-311,2.64825e-311,2.65037e-311,2.65249e-311,2.65462e-311
2.64613e-311,2.64825e-311,2.65037e-311,2.65249e-311,2.64613e-311
2.64825e-311,2.65037e-311,2.65249e-311,2.64401e-311,2.64613e-311
2.64825e-311,2.65037e-311,2.64401e-311,2.64613e-311,2.64825e-311
2.65037e-311,2.64401e-311,2.64613e-311,2.64825e-311,2.64188e-311
2.64401e-311,2.64613e-311,2.64825e-311,2.64188e-311,2.64401e-311
2.64613e-311,2.64825e-311,2.64188e-311,2.64401e-311,2.64613e-311
2.64188e-311,2.64401e-311,2.64613e-311,2.64188e-311,2.64401e-311
2.64613e-311,2.64188e-311,2.64401e-311,2.64613e-311,2.64188e-311
2.64401e-311,2.64613e-311,2.64188e-311,2.64401e-311,2.64613e-311
2.64188e-311,2.64401e-311,2.64613e-311,2.39088e-314,2.39088e-314
2.39088e-314,2.39088e-314,2.39088e-314,2.39088e-314,2.39088e-314
2.39088e-314,2.39088e-314,2.39088e-314,2.39088e-314,2.39088e-314
2.39089e-314,2.39088e-314,2.39088e-314,2.39088e-314,2.39088e-314
2.39088e-314,2.39088e-314,2.39088e-314,2.39088e-314,2.39088e-314
2.39088e-314,2.39089e-314,2.39088e-314,2.39089e-314,2.39088e-314
2.39089e-314,2.39088e-314,2.39088e-314,2.39088e-314,2.39088e-314
2.39088e-314,2.39088e-314,2.39089e-314,2.39089e-314,2.39088e-314
2.39088e-314,2.39088e-314,2.39088e-314,2.39089e-314,2.39089e-314
2.39089e-314,2.39089e-314,2.39088e-314,2.39088e-314,2.39089e-314
2.39089e-314,2.39088e-314,2.39088e-314,2.39088e-314,2.39088e-314
2.39089e-314,2.39088e-314,2.39088e-314,2.39088e-314,2.39089e-314
2.39089e-314,2.39088e-314,2.39088e-314,2.39088e-314,2.39088e-314
2.39088e-314,2.39088e-314,2.3909e-314,2.39088e-314,2.39089e-314
2.65249e-311,2.65037e-311,2.65249e-311,2.65462e-311,2.65037e-311
2.65462e-311,2.65037e-311,2.65249e-311,2.65462e-311,2.65037e-311
2.65249e-311,2.65462e-311,2.65037e-311,2.65249e-311,2.65462e-311
2.65037e-311,2.65249e-311,2.65462e-311,2.65674e-311,2.65037e-311
2.65249e-311,2.65462e-311,2.65674e-311,2.65249e-311,2.65462e-311
2.65674e-311,2.65249e-311,2.65462e-311,2.65674e-311,2.65886e-311
2.65249e-311,2.65462e-311,2.65674e-311,2.65886e-311,2.65249e-311
2.65462e-311,2.65674e-311,2.65886e-311,2.65462e-311,2.65674e-311
2.65886e-311,2.66098e-311,2.65462e-311,2.65674e-311,2.65886e-311
2.66098e-311,2.65462e-311,2.65674e-311,2.65886e-311,2.66098e-311
2.65674e-311,2.65886e-311,2.66098e-311,2.6631e-311,2.65674e-311
2.65886e-311,2.66098e-311,2.6631e-311,2.65674e-311,2.65886e-311
2.66098e-311,2.6631e-311,2.66098e-311,2.6631e-311,2.66523e-311
2.6631e-311,2.39089e-314,2.39093e-314,2.39089e-314,2.3909e-314
2.39093e-314,2.39088e-314,2.39094e-314,2.39088e-314,2.39091e-314
2.39093e-314,2.39093e-314,2.39094e-314,2.3909e-314,2.39092e-314
2.3909e-314,2.39096e-314,2.39093e-314,2.39093e-314,2.39089e-314
2.39089e-314,2.39096e-314,2.39094e-314,2.39089e-314,2.3909e-314
2.39093e-314,2.39093e-314,2.39096e-314,2.39088e-314,2.39089e-314
2.39112e-314,2.39094e-314,2.39094e-314,2.3909e-314,2.39102e-314
2.39093e-314,2.39095e-314,2.391e-314,2.39096e-314,2.3909e-314
2.39094e-314,2.39089e-314,2.39091e-314,2.39094e-314,2.39116e-314
2.39094e-314,2.3909e-314,2.39097e-314,2.39094e-314,2.39108e-314
2.39094e-314,2.39092e-314,2.39094e-314,2.39091e-314,2.39093e-314
2.39094e-314,2.39092e-314,2.39088e-314,2.39094e-314,2.39089e-314
2.39095e-314,2.39094e-314,2.39093e-314,1.41962e-311,1.41749e-311
1.41962e-311,1.42174e-311,1.41749e-311,1.42174e-311,1.41749e-311
1.41962e-311,1.42174e-311,1.41749e-311,1.41962e-311,1.42174e-311
1.41749e-311,1.41962e-311,1.42174e-311,1.41749e-311,1.41962e-311
1.42174e-311,1.41749e-311,1.41962e-311,1.42174e-311,1.41749e-311
1.41962e-311,1.42174e-311,1.41749e-311,1.41962e-311,1.42174e-311
1.42174e-311,1.41749e-311,1.41962e-311,1.42174e-311,1.41749e-311
1.41962e-311,1.42174e-311,1.41749e-311,1.41962e-311,1.42174e-311
1.41749e-311,1.41962e-311,1.42174e-311,1.41749e-311,1.41962e-311
1.42174e-311,1.41749e-311,1.41962e-311,1.42174e-311,1.41749e-311
1.41962e-311,1.42174e-311,1.41962e-311,1.42174e-311,1.41962e-311
1.42174e-311,1.41749e-311,1.41962e-311,1.42174e-311,1.41749e-311
1.41962e-311,1.42174e-311,1608.35,-0.857004,-0.51531
13.9332,-1,71.6972,1290.99,64.0053
1292.53,-0.980444,0.196798,7.84533,-1
392.052,606.767,381.775,589.923,-0.520832
-0.853659,19.7313,-1,580.314,1602.05
558.885,1616.13,-0.835838,0.548976,25.6376
1,569.178,1547.92,555.098,1561.38
-0.72278,0.691078,19.4802,-1,77.7232
1290.66,78.0931,1281.87,0.0420591,-0.999115
8.79483,1,69.4275,1297.7,78.7596
1291.02,0.812828,-0.582504,11.481,1
612.658,1557.4,626.524,1569.77,0.746267
0.665646,18.5818,-1,75.4218,1275.68
59.3685,1273.17,-0.988009,-0.154395,16.2481
1,8.63652e-312,8.6153e-312,8.63652e-312,8.65774e-312
8.6153e-312,8.65774e-312,8.6153e-312,8.63652e-312,8.65774e-312
8.6153e-312,8.63652e-312,8.65774e-312,8.67896e-312,8.67896e-312
8.6153e-312,8.63652e-312,8.65774e-312,8.67896e-312,8.6153e-312
8.63652e-312,8.65774e-312,8.6153e-312,8.63652e-312,8.65774e-312
8.67896e-312,8.6153e-312,8.63652e-312,8.65774e-312,8.6153e-312
8.63652e-312,8.65774e-312,8.67896e-312,8.6153e-312,8.63652e-312
8.6153e-312,8.63652e-312,8.65774e-312,8.67896e-312,8.6153e-312
8.6153e-312,8.63652e-312,8.65774e-312,8.67896e-312,8.6153e-312
8.63652e-312,8.65774e-312,8.67896e-312,8.6153e-312,8.63652e-312
8.65774e-312,8.67896e-312,8.6153e-312,8.63652e-312,8.65774e-312
8.6153e-312,8.63652e-312,8.65774e-312,8.6153e-312,8.63652e-312
8.65774e-312,8.6153e-312,8.63652e-312,8.65774e-312,8.63652e-312
8.65774e-312,8.63652e-312,8.65774e-312,2.3912e-314,2.3912e-314
2.3912e-314,2.3912e-314,2.3912e-314,2.3912e-314,2.39121e-314
2.3912e-314,2.3912e-314,2.3912e-314,2.3912e-314,2.3912e-314
2.3912e-314,2.3912e-314,2.39121e-314,2.39125e-314,2.39121e-314
2.3912e-314,2.3912e-314,2.3912e-314,2.3912e-314,2.3912e-314
2.3912e-314,2.3912e-314,2.3912e-314,2.3912e-314,2.39121e-314
2.39121e-314,2.39121e-314,2.3912e-314,2.39121e-314,2.39121e-314
2.3913e-314,2.3912e-314,2.39122e-314,2.39122e-314,2.39122e-314
2.39121e-314,2.39121e-314,2.3912e-314,2.3912e-314,2.3912e-314
2.3912e-314,2.3912e-314,2.39121e-314,2.3912e-314,2.3912e-314
2.3912e-314,2.3912e-314,2.3912e-314,2.39121e-314,2.3912e-314
2.3912e-314,2.3912e-314,2.3912e-314,2.39124e-314,2.3912e-314
2.39121e-314,2.39121e-314,2.3912e-314,2.3912e-314,2.3912e-314
2.39121e-314,2.39121e-314,2.39121e-314,2.39121e-314,2.39121e-314
2.39121e-314,2.39121e-314,2.3912e-314,2.39121e-314,2.39121e-314
2.39121e-314,2.39121e-314,2.39121e-314,2.39121e-314,2.39121e-314
2.39121e-314,2.39121e-314,2.39121e-314,2.39121e-314,2.39121e-314
2.3912e-314,2.39121e-314,2.39121e-314,2.39121e-314,2.39121e-314
2.39121e-314,2.39121e-314,2.39121e-314,2.39121e-314,2.39121e-314
2.39121e-314,2.3912e-314,2.39121e-314,2.39121e-314,2.3912e-314
2.39121e-314,2.39121e-314,2.39121e-314,2.3912e-314,2.39121e-314
2.39121e-314,2.39121e-314,2.3912e-314,2.39121e-314,2.39121e-314
2.39121e-314,2.39121e-314,2.39121e-314,2.39121e-314,2.39121e-314
2.39121e-314,2.39121e-314,2.39121e-314,2.39121e-314,2.39121e-314
2.39121e-314,2.39121e-314,2.39124e-314,2.39121e-314,2.39121e-314
2.39121e-314,2.39121e-314,2.39137e-314,8.63652e-312,8.65774e-312
8.6153e-312,8.63652e-312,8.65774e-312,8.6153e-312,8.63652e-312
8.65774e-312,8.6153e-312,8.63652e-312,8.65774e-312,8.63652e-312
8.65774e-312,8.63652e-312,8.63652e-312,8.65774e-312,8.63652e-312
8.65774e-312,8.63652e-312,8.65774e-312,8.63652e-312,8.65774e-312
8.63652e-312,8.65774e-312,8.63652e-312,8.65774e-312,8.63652e-312
8.65774e-312,8.63652e-312,8.65774e-312,8.6153e-312,8.63652e-312
8.65774e-312,8.6153e-312,8.63652e-312,8.65774e-312,8.6153e-312
8.63652e-312,8.65774e-312,8.6153e-312,8.63652e-312,8.65774e-312
8.6153e-312,8.63652e-312,8.65774e-312,8.6153e-312,8.63652e-312
8.65774e-312,8.6153e-312,8.63652e-312,8.65774e-312,8.6153e-312
8.63652e-312,8.65774e-312,8.6153e-312,8.63652e-312,8.65774e-312
8.63652e-312,8.65774e-312,8.63652e-312,8.65774e-312,8.6153e-312
8.63652e-312,8.65774e-312,8.6153e-312,8.63652e-312,8.65774e-312
8.6153e-312,8.63652e-312,8.65774e-312,8.6153e-312,8.63652e-312
8.65774e-312,8.6153e-312,8.63652e-312,8.65774e-312,2.39124e-314
2.39124e-314,2.39124e-314,2.39124e-314,2.39124e-314,2.39124e-314
2.37333e-314,2.39126e-314,2.39124e-314,2.39132e-314,2.39124e-314
2.39124e-314,2.39136e-314,2.39124e-314,2.39136e-314,2.37355e-314
2.39137e-314,2.39138e-314,2.37327e-314,2.39139e-314,2.37329e-314
2.37331e-314,2.37327e-314,2.39136e-314,2.37327e-314,2.37331e-314
2.39137e-314,2.37331e-314,2.39135e-314,2.39136e-314,2.39131e-314
2.39138e-314,2.37339e-314,2.39134e-314,2.39138e-314,2.39128e-314
2.39133e-314,2.39136e-314,2.39136e-314,2.39137e-314,2.39138e-314
2.37327e-314,2.39126e-314,2.37331e-314,2.3733e-314,2.39124e-314
2.37332e-314,2.3733e-314,2.39127e-314,2.37337e-314,2.37333e-314
2.39127e-314,2.37329e-314,2.37329e-314,2.3733e-314,2.37336e-314
2.37332e-314,2.37329e-314,2.3913e-314,2.37329e-314,2.39127e-314
2.39127e-314,2.39136e-314,2.37337e-314,2.39135e-314,2.37331e-314
2.39131e-314,2.39136e-314,2.3734e-314,2.37327e-314,2.37346e-314
2.37327e-314,2.37349e-314,2.39132e-314,2.3733e-314,2.39137e-314
2.39129e-314,2.37329e-314,2.39138e-314,2.37331e-314,2.39136e-314
2.37328e-314,2.39133e-314,2.37336e-314,2.39137e-314,2.3733e-314
2.3733e-314,2.39136e-314,2.39128e-314,2.37333e-314,2.39137e-314
2.39128e-314,2.3913e-314,2.39133e-314,2.39133e-314,2.39131e-314
2.39134e-314,2.39133e-314,2.39132e-314,2.39136e-314,2.39132e-314
2.3913e-314,2.37337e-314,2.39131e-314,2.3913e-314,2.39137e-314
2.39128e-314,2.37335e-314,2.3733e-314,2.39127e-314,2.39137e-314
2.37332e-314,2.39137e-314,2.39137e-314,2.37335e-314,2.37342e-314
2.02226e-311,2.02014e-311,2.02226e-311,2.02438e-311,2.02014e-311
2.02438e-311,2.02014e-311,2.02226e-311,2.02438e-311,2.01802e-311
2.01802e-311,2.02651e-311,2.02651e-311,2.01802e-311,2.02651e-311
2.0159e-311,2.0159e-311,2.0159e-311,2.02863e-311,2.02863e-311
2.02863e-311,2.03075e-311,2.03075e-311,2.03075e-311,2.03287e-311
2.03287e-311,2.03287e-311,2.03499e-311,2.03499e-311,2.03499e-311
2.03712e-311,2.03712e-311,2.03712e-311,2.03924e-311,2.03924e-311
2.03924e-311,2.04136e-311,2.04136e-311,2.04136e-311,2.04348e-311
2.04348e-311,2.04348e-311,2.0456e-311,2.0456e-311,2.04773e-311
2.04773e-311,2.04985e-311,2.04985e-311,2.05197e-311,2.05197e-311
2.05409e-311,2.05409e-311,2.05621e-311,2.05621e-311,2.05834e-311
2.05834e-311,2.06046e-311,2.06046e-311,2.06258e-311,2.06258e-311
2.0647e-311,2.0647e-311,2.06682e-311,2.06682e-311,2.06895e-311
2.06895e-311,2.07107e-311,2.07107e-311,2.07319e-311,2.07319e-311
2.07531e-311,2.07531e-311,2.07743e-311,2.07743e-311,2.07743e-311
2.07956e-311,2.07956e-311,2.07956e-311,2.08168e-311,2.08168e-311
2.08168e-311,2.0838e-311,2.0838e-311,2.0838e-311,2.08592e-311
2.08592e-311,2.08592e-311,2.08804e-311,2.08804e-311,2.08804e-311
2.09017e-311,2.09017e-311,2.09017e-311,2.09229e-311,2.09229e-311
2.09229e-311,2.09441e-311,2.09441e-311,2.09441e-311,2.09653e-311
2.09653e-311,2.09653e-311,2.09865e-311,2.09865e-311,2.09865e-311
2.10078e-311,2.10078e-311,2.10078e-311,2.1029e-311,2.1029e-311
2.1029e-311,2.10502e-311,2.10502e-311,2.10502e-311,2.10714e-311
2.10714e-311,2.10714e-311,2.10926e-311,2.10926e-311,2.10926e-311
2.11139e-311,2.11139e-311,2.11351e-311,2.11563e-311,-0.988009
-0.154395,16.2481,1,627.064,1569.08
644.93,1578.3,0.88874,0.458411,20.102
-1,49.3686,880.288,55.1342,872.432
0.591693,-0.806164,9.74431,-1,490.105
557.937,493.364,570.563,0.249954,0.968258
13.0405,1,59.3718,1296.94,69.4764
1297.47,0.998581,0.0532593,10.119,1
71.0311,1382.71,53.4411,1391.27,-0.89908
0.437785,19.5645,1,67.9033,1422.92
75.6054,1421.75,0.98854,-0.15096,7.79145
1,52.6479,527.435,47.3643,534.729
-0.586608,0.809871,9.00707,1,68.1242
1406.99,53.1155,1406.87,-0.999971,-0.00759764
15.0091,1,48.4226,554.373,48.4424
568.123,0.00144474,0.999999,13.75,1
523.366,533.259,521.7,551.747,-0.0897198
0.995967,18.5622,-1,49.848,978.292
50.4841,971.74,0.0966276,-0.995321,6.58311
-1,504.409,1590.3,494.875,1582.51
-0.774281,-0.632842,12.3123,-1,954.789
1600.56,952.371,1585.55,-0.159015,-0.987276
15.2067,-1,382.106,589.888,386.891
576.063,0.327079,-0.944997,14.6291,-1
1028.08,1367.14,1033.12,1344.1,0.21378
-0.976882,23.5832,-1,475.424,623.562
459.366,602.851,-0.612755,-0.790273,26.2065
-1,2.44242e-311,2.4403e-311,2.44242e-311,2.44454e-311
2.4403e-311,2.44454e-311,2.4403e-311,2.44242e-311,2.44454e-311
2.4403e-311,2.44242e-311,2.44454e-311,2.44666e-311,2.4403e-311
2.44242e-311,2.44454e-311,2.4403e-311,2.44242e-311,2.44454e-311
2.44666e-311,2.4403e-311,2.44242e-311,2.44454e-311,2.4403e-311
2.44242e-311,2.44454e-311,2.44666e-311,2.4403e-311,2.44242e-311
2.44454e-311,2.4403e-311,2.44242e-311,2.44454e-311,2.44666e-311
2.4403e-311,2.44242e-311,2.44454e-311,2.4403e-311,2.44242e-311
2.44454e-311,2.4403e-311,2.44242e-311,2.44454e-311,2.44242e-311
2.44454e-311,2.4403e-311,2.44242e-311,2.44454e-311,2.44454e-311
2.4403e-311,2.44242e-311,2.44454e-311,2.44242e-311,2.44454e-311
2.44242e-311,2.44454e-311,2.4403e-311,2.44242e-311,2.44454e-311
2.41447e-314,2.41446e-314,2.41445e-314,2.41446e-314,2.41447e-314
2.41447e-314,2.41446e-314,2.41446e-314,2.41446e-314,2.41444e-314
2.41446e-314,2.41445e-314,2.41446e-314,2.41444e-314,2.41447e-314
2.41446e-314,2.41445e-314,2.41446e-314,2.41445e-314,2.41447e-314
2.41447e-314,2.41447e-314,2.41447e-314,2.41447e-314,2.41447e-314
2.41446e-314,2.41445e-314,2.41445e-314,2.41446e-314,2.41446e-314
2.41446e-314,2.41445e-314,2.41446e-314,2.41446e-314,2.41445e-314
2.41445e-314,2.41447e-314,2.41446e-314,2.41444e-314,2.41446e-314
2.41446e-314,2.41446e-314,2.41446e-314,2.41446e-314,2.41445e-314
2.41446e-314,2.41446e-314,2.41446e-314,2.41446e-314,2.41447e-314
2.41446e-314,2.41447e-314,2.41447e-314,2.41443e-314,2.41446e-314
2.41445e-314,2.41446e-314,2.41443e-314,2.41446e-314,2.41446e-314
2.41445e-314,2.41446e-314,2.41445e-314,2.41446e-314,2.41444e-314
2.41446e-314,2.41447e-314,2.41444e-314,2.41444e-314,2.41446e-314
2.41444e-314,2.41445e-314,2.41446e-314,2.41447e-314,2.41446e-314
2.41447e-314,2.41445e-314,2.41445e-314,2.41446e-314,2.41446e-314
2.41436e-314,2.41445e-314,2.41445e-314,2.41445e-314,2.41444e-314
2.41445e-314,2.41446e-314,2.41446e-314,2.41446e-314,2.4144e-314
2.41445e-314,2.41445e-314,2.41444e-314,2.41445e-314,2.41444e-314
2.41444e-314,2.41444e-314,2.41443e-314,2.41441e-314,2.41446e-314
2.4144e-314,2.41444e-314,2.41444e-314,2.4144e-314,2.41438e-314
2.41439e-314,2.41439e-314,2.41438e-314,2.41444e-314,2.4144e-314
2.41437e-314,2.41438e-314,2.4144e-314,2.41435e-314,2.41445e-314
2.41439e-314,2.41439e-314,2.4144e-314,2.41445e-314,2.41442e-314
2.41437e-314,2.41446e-314,2.41437e-314,2.41444e-314,2.41435e-314
2.4144e-314,2.41435e-314,2.41441e-314,2.41434e-314,2.41444e-314
2.41435e-314,2.41435e-314,2.4144e-314,2.4403e-311,2.44242e-311
2.44454e-311,2.4403e-311,2.44242e-311,2.44454e-311,2.4403e-311
2.44242e-311,2.44454e-311,2.4403e-311,2.44242e-311,2.44454e-311
2.4403e-311,2.44242e-311,2.44454e-311,2.4403e-311,2.44242e-311
2.44454e-311,2.4403e-311,2.44242e-311,2.44454e-311,2.4403e-311
2.44242e-311,2.44454e-311,2.4403e-311,2.44242e-311,2.44454e-311
2.4403e-311,2.44242e-311,2.44454e-311,2.4403e-311,2.44242e-311
2.44454e-311,2.4403e-311,2.44242e-311,2.44454e-311,2.4403e-311
2.44242e-311,2.44454e-311,2.4403e-311,2.44242e-311,2.44454e-311
2.4403e-311,2.44242e-311,2.44454e-311,2.4403e-311,2.44242e-311
2.44454e-311,2.4403e-311,2.44242e-311,2.44454e-311,2.4403e-311
2.44242e-311,2.44454e-311,2.4403e-311,2.44242e-311,2.44454e-311
2.4403e-311,2.44242e-311,2.44454e-311,2.4403e-311,2.44242e-311
2.44454e-311,2.4403e-311,2.44242e-311,2.44454e-311,2.4403e-311
2.44242e-311,2.44454e-311,2.44242e-311,2.44454e-311,2.41433e-314
2.41443e-314,2.41427e-314,2.41442e-314,2.41435e-314,2.41432e-314
2.4143e-314,2.41439e-314,2.41434e-314,2.41446e-314,2.41435e-314
2.41439e-314,2.41438e-314,2.41426e-314,2.41445e-314,2.41431e-314
2.41423e-314,2.41432e-314,2.41446e-314,2.41434e-314,2.41436e-314
2.41432e-314,2.41432e-314,2.41441e-314,2.41438e-314,2.41436e-314
2.41442e-314,2.41442e-314,2.41444e-314,2.41438e-314,2.41438e-314
2.41424e-314,2.41435e-314,2.41434e-314,2.41439e-314,2.4144e-314
2.41433e-314,2.41429e-314,2.41441e-314,2.41438e-314,2.41439e-314
2.41443e-314,2.41426e-314,2.41445e-314,2.41426e-314,2.41434e-314
2.41444e-314,2.41423e-314,2.41435e-314,2.41438e-314,2.41442e-314
2.41446e-314,2.41444e-314,2.4143e-314,2.41427e-314,2.41427e-314
2.41436e-314,2.41428e-314,2.41439e-314,2.41445e-314,2.4144e-314
2.41433e-314,2.41446e-314,2.41441e-314,2.41445e-314,2.41444e-314
2.41446e-314,2.41432e-314,2.41444e-314,2.41414e-314,2.41426e-314
2.41432e-314,2.41433e-314,2.41438e-314,2.41426e-314,2.41423e-314
2.41435e-314,2.41434e-314,2.41446e-314,2.41421e-314,2.4143e-314
2.41446e-314,2.41438e-314,2.41444e-314,2.41446e-314,2.41427e-314
2.41433e-314,2.4144e-314,2.41436e-314,2.4143e-314,2.41438e-314
2.41423e-314,2.41439e-314,2.41445e-314,2.41424e-314,2.41445e-314
2.41426e-314,2.41433e-314,2.41426e-314,2.4144e-314,2.41424e-314
2.41443e-314,2.41436e-314,2.41445e-314,2.41438e-314,2.41442e-314
2.41433e-314,2.41427e-314,2.41439e-314,2.4142e-314,2.41438e-314
2.41417e-314,2.41432e-314,2.41442e-314,2.41422e-314,2.41439e-314
2.41444e-314,2.41429e-314,2.41432e-314,2.41428e-314,2.41424e-314
2.62915e-311,2.62915e-311,2.62915e-311,2.62703e-311,2.62703e-311
2.62703e-311,2.62703e-311,2.62491e-311,2.62491e-311,2.62491e-311
2.62279e-311,2.62279e-311,2.62279e-311,2.62066e-311,2.62066e-311
2.62066e-311,2.62066e-311,2.61854e-311,2.61854e-311,2.61854e-311
2.61854e-311,2.61642e-311,2.61642e-311,2.61642e-311,2.61642e-311
2.6143e-311,2.6143e-311,2.6143e-311,2.61218e-311,2.61218e-311
2.61218e-311,2.61005e-311,2.61005e-311,2.61005e-311,2.61005e-311
2.60793e-311,2.60793e-311,2.60793e-311,2.60793e-311,2.60581e-311
2.60581e-311,2.60581e-311,2.60581e-311,2.60369e-311,2.60369e-311
2.60369e-311,2.60369e-311,2.60157e-311,2.60157e-311,2.60157e-311
2.60157e-311,2.59944e-311,2.59944e-311,2.59944e-311,2.59732e-311
2.59732e-311,2.59732e-311,2.5952e-311,2.5952e-311,2.5952e-311
2.59308e-311,2.59308e-311,2.59308e-311,2.59096e-311,2.58883e-311
2.58671e-311,2.41418e-314,2.41417e-314,2.41428e-314,2.41417e-314
2.41426e-314,2.41417e-314,2.41426e-314,2.41418e-314,2.41446e-314
2.41401e-314,2.41401e-314,2.41401e-314,2.41433e-314,2.41426e-314
2.41417e-314,2.41417e-314,2.41429e-314,2.41436e-314,2.41435e-314
2.41439e-314,2.41417e-314,2.41439e-314,2.41417e-314,2.41436e-314
2.41427e-314,2.41417e-314,2.41417e-314,2.41429e-314,2.41434e-314
2.41438e-314,2.41432e-314,2.4144e-314,2.41436e-314,2.41417e-314
2.41436e-314,2.41407e-314,2.41424e-314,2.41417e-314,2.41436e-314
2.41446e-314,2.41416e-314,2.41401e-314,2.41384e-314,2.41429e-314
2.41416e-314,2.41365e-314,2.41401e-314,2.41401e-314,2.41418e-314
2.41432e-314,2.41401e-314,2.4143e-314,2.41438e-314,2.41401e-314
2.41414e-314,2.4143e-314,2.41401e-314,2.41446e-314,2.4143e-314
2.41357e-314,2.41446e-314,2.41401e-314,2.41442e-314,2.41424e-314
2.41401e-314,2.41353e-314,2.41355e-314,2.38944e-314,2.41407e-314
2.41403e-314,2.41351e-314,2.41426e-314,2.41318e-314,2.41323e-314
2.41427e-314,2.41442e-314,2.41401e-314,2.41441e-314,2.41361e-314
2.41378e-314,2.41433e-314,2.41432e-314,2.39021e-314,2.4129e-314
2.41428e-314,2.41432e-314,2.4138e-314,2.41416e-314,2.38987e-314
2.39025e-314,2.41435e-314,2.41415e-314,2.41368e-314,2.41439e-314
2.41313e-314,2.41369e-314,2.41428e-314,2.41436e-314,2.41328e-314
2.4137e-314,2.41435e-314,2.41414e-314,2.41427e-314,2.41294e-314
2.41424e-314,2.41345e-314,2.41427e-314,2.41411e-314,2.41418e-314
2.41439e-314,2.41436e-314,2.41441e-314,2.41328e-314,2.41369e-314
2.41418e-314,2.4137e-314,2.41428e-314,2.41429e-314,2.41369e-314
2.41428e-314,2.41402e-314,2.38992e-314,2.41396e-314,2.38983e-314
2.41342e-314,2.41415e-314,2.63764e-311,2.63552e-311,2.63764e-311
2.63976e-311,2.63552e-311,2.63976e-311,2.63552e-311,2.63764e-311
2.63976e-311,2.6334e-311,2.6334e-311,2.64188e-311,2.64188e-311
2.64188e-311,2.6334e-311,2.64188e-311,2.63127e-311,2.63127e-311
2.63127e-311,2.64401e-311,2.64401e-311,2.64401e-311,2.63127e-311
2.62915e-311,2.64613e-311,2.64613e-311,2.64613e-311,2.64825e-311
2.64825e-311,2.64825e-311,2.65037e-311,2.65037e-311,2.65037e-311
2.65249e-311,2.65249e-311,2.65249e-311,2.65462e-311,2.65462e-311
2.65462e-311,2.65462e-311,2.65674e-311,2.65674e-311,2.65674e-311
2.65886e-311,2.65886e-311,2.65886e-311,2.66098e-311,2.66098e-311
2.66098e-311,2.6631e-311,2.6631e-311,2.6631e-311,2.66523e-311
2.66523e-311,2.66523e-311,2.66735e-311,2.66735e-311,2.66947e-311
2.66947e-311,2.67159e-311,2.67159e-311,2.67371e-311,2.67371e-311
2.67584e-311,2.67584e-311,2.41345e-314,2.41369e-314,2.41365e-314
2.41378e-314,2.41432e-314,2.41343e-314,2.41381e-314,2.41347e-314
2.41414e-314,2.41344e-314,2.41369e-314,2.41436e-314,2.41433e-314
2.41326e-314,2.41326e-314,2.38975e-314,2.41402e-314,2.41341e-314
2.41357e-314,2.41427e-314,2.41369e-314,2.41413e-314,2.41413e-314
2.41381e-314,2.41432e-314,2.41319e-314,2.41416e-314,2.41327e-314
2.41359e-314,2.41369e-314,2.41434e-314,2.41415e-314,2.41415e-314
2.4143e-314,2.41369e-314,2.41402e-314,2.41302e-314,2.39014e-314
2.41426e-314,2.41401e-314,2.41319e-314,2.4137e-314,2.41414e-314
2.39025e-314,2.4138e-314,2.41401e-314,2.38982e-314,2.41381e-314
2.41429e-314,2.41326e-314,2.41319e-314,2.4136e-314,2.38915e-314
2.41369e-314,2.41438e-314,2.41434e-314,2.41398e-314,2.41381e-314
2.41361e-314,2.41436e-314,2.41362e-314,2.41326e-314,2.41348e-314
2.41342e-314,2.41401e-314,2.41398e-314,2.4143e-314,2.41435e-314
2.41368e-314,2.41429e-314,2.41435e-314,2.41342e-314,2.3737e-314
2.41438e-314,2.4143e-314,2.41433e-314,2.41436e-314,2.41432e-314
2.39026e-314,2.41323e-314,2.41343e-314,2.41319e-314,2.41323e-314
2.41414e-314,2.41369e-314,2.4138e-314,2.41434e-314,2.41426e-314
2.38925e-314,2.41402e-314,2.41344e-314,2.41433e-314,2.41415e-314
2.41323e-314,2.41316e-314,2.4143e-314,2.41345e-314,2.41428e-314
2.4138e-314,2.41426e-314,2.41323e-314,2.41436e-314,2.41427e-314
2.41432e-314,2.41362e-314,2.41436e-314,2.41414e-314,2.41438e-314
2.41327e-314,2.41416e-314,2.38986e-314,2.41399e-314,2.38991e-314
2.41363e-314,2.41435e-314,2.4143e-314,2.41362e-314,2.41401e-314
2.41434e-314,2.41435e-314,2.41343e-314,2.3899e-314,2.41432e-314
2.38959e-314,2.41347e-314,2.41399e-314,2.41433e-314,2.77557e-311
2.77345e-311,2.77557e-311,2.77769e-311,2.77345e-311,2.77769e-311
2.77345e-311,2.77557e-311,2.77769e-311,2.77133e-311,2.77133e-311
2.77981e-311,2.77981e-311,2.77981e-311,2.77133e-311,2.77981e-311
2.77133e-311,2.7692e-311,2.7692e-311,2.7692e-311,2.78194e-311
2.78194e-311,2.78194e-311,2.78194e-311,2.7692e-311,2.76708e-311
2.76708e-311,2.76708e-311,2.76708e-311,2.78406e-311,2.78406e-311
2.78406e-311,2.76496e-311,2.76496e-311,2.76496e-311,2.78618e-311
2.78618e-311,2.78618e-311,2.76284e-311,2.76284e-311,2.76284e-311
2.76072e-311,2.76072e-311,2.76072e-311,2.76072e-311,2.75859e-311
2.75859e-311,2.75859e-311,2.75859e-311,2.75647e-311,2.75647e-311
2.75647e-311,2.75647e-311,2.75435e-311,2.75435e-311,2.75435e-311
2.75223e-311,2.75223e-311,2.75223e-311,2.75011e-311,2.75011e-311
2.75011e-311,2.74798e-311,2.74798e-311,2.74586e-311,2.74374e-311
2.38973e-314,2.41428e-314,2.38982e-314,2.38856e-314,2.38923e-314
2.38983e-314,2.37352e-314,2.38971e-314,0,2.38891e-314
2.37328e-314,2.37347e-314,2.38961e-314,0,2.38983e-314
2.38961e-314,2.38974e-314,2.38915e-314,2.38954e-314,2.38968e-314
0,0,2.37351e-314,2.38981e-314,2.37337e-314
2.38912e-314,2.38985e-314,2.38938e-314,2.38934e-314,2.38866e-314
0,2.38884e-314,2.38888e-314,2.38861e-314,2.3893e-314
2.37341e-314,2.38929e-314,0,2.38879e-314,2.38936e-314
2.38936e-314,2.37333e-314,2.38931e-314,2.38931e-314,2.38964e-314
0,2.37343e-314,2.3893e-314,2.38972e-314,2.37341e-314
2.38922e-314,2.37339e-314,2.37341e-314,2.38962e-314,2.38934e-314
2.37333e-314,0,0,2.38907e-314,2.38942e-314
2.38872e-314,2.38961e-314,2.38955e-314,2.38884e-314,2.37343e-314
0,2.38885e-314,0,0,2.37334e-314
2.37343e-314,0,0,2.38955e-314,2.38962e-314
2.37343e-314,2.38919e-314,0,0,2.38926e-314
0,2.38877e-314,2.38939e-314,2.38955e-314,2.38855e-314
2.38909e-314,2.38869e-314,0,0,2.38867e-314
2.37341e-314,0,2.38917e-314,0,0
2.37337e-314,0,2.38911e-314,2.38941e-314,0
0,0,2.38918e-314,0,0
0,0,2.38878e-314,0,0
2.37335e-314,0,0,2.38962e-314,0
0,0,2.38859e-314,2.37334e-314,0
0,0,0,0,0
0,2.39558e-314,1.20058e-321,0,2.38873e-314
0,2.37334e-314,0,0,2.38876e-314
0,0,0,0,0
2.37338e-314,2.37335e-314,0,0,0
0,0,0,0,0
0,0,0,0,0
0,0,0,0,0
0,0,0,0,0
0,0,0,0,0
0,0,0,0,2.3734e-314
0,0,0,0,0
0,0,0,2.37335e-314,0
0,0,0,0,2.37339e-314
2.06682e-311,2.0647e-311,2.06682e-311,2.06895e-311,2.0647e-311
2.06895e-311,2.0647e-311,2.06682e-311,2.06895e-311,2.06258e-311
2.06258e-311,2.06895e-311,2.07107e-311,2.07107e-311,2.07107e-311
2.06258e-311,2.07107e-311,2.06258e-311,2.06046e-311,2.06046e-311
2.06046e-311,2.07319e-311,2.07319e-311,2.07319e-311,2.07319e-311
2.06046e-311,2.05834e-311,2.05834e-311,2.05834e-311,2.05834e-311
2.07531e-311,2.07531e-311,2.07531e-311,2.05621e-311,2.05621e-311
2.05621e-311,2.07743e-311,2.07743e-311,2.07743e-311,2.07743e-311
2.05409e-311,2.05409e-311,2.05409e-311,2.07956e-311,2.07956e-311
2.07956e-311,2.07956e-311,2.05197e-311,2.05197e-311,2.05197e-311
2.05197e-311,2.08168e-311,2.08168e-311,2.08168e-311,2.08168e-311
2.04985e-311,2.04985e-311,2.04985e-311,2.04985e-311,2.0838e-311
2.0838e-311,2.0838e-311,2.0838e-311,2.04773e-311,2.04773e-311
2.04773e-311,2.04773e-311,2.08592e-311,2.08592e-311,2.08592e-311
2.08592e-311,2.0456e-311,2.0456e-311,2.0456e-311,2.08804e-311
2.08804e-311,2.08804e-311,2.04348e-311,2.04348e-311,2.04348e-311
2.09017e-311,2.09017e-311,2.09017e-311,2.04136e-311,2.04136e-311
2.04136e-311,2.04136e-311,2.03924e-311,2.03924e-311,2.03924e-311
2.03924e-311,2.03712e-311,2.03712e-311,2.03712e-311,2.03499e-311
2.03499e-311,2.03499e-311,2.03287e-311,2.03287e-311,2.03287e-311
2.03287e-311,2.03075e-311,2.03075e-311,2.03075e-311,2.03075e-311
2.02863e-311,2.02863e-311,2.02863e-311,2.02863e-311,2.02651e-311
2.02651e-311,2.02651e-311,2.02438e-311,2.02438e-311,2.02438e-311
2.02226e-311,2.02226e-311,2.02226e-311,2.02226e-311,2.02014e-311
2.02014e-311,2.02014e-311,2.02014e-311,2.01802e-311,2.01802e-311
2.01802e-311,2.0159e-311,2.0159e-311,2.0159e-311,2.01377e-311
2.01377e-311,2.01377e-311,2.01377e-311,2.01165e-311,2.01165e-311
2.01165e-311,2.01165e-311,2.00953e-311,2.00953e-311,2.00953e-311
2.00953e-311,2.00741e-311,2.00741e-311,2.00741e-311,2.00529e-311
2.00529e-311,2.00529e-311,2.00529e-311,2.00316e-311,2.00316e-311
2.00316e-311,2.00316e-311,2.00104e-311,2.00104e-311,2.00104e-311
2.00104e-311,1.99892e-311,1.99892e-311,1.99892e-311,1.9968e-311
1.9968e-311,1.9968e-311,1.99468e-311,1.99468e-311,1.99468e-311
1.99468e-311,1.99255e-311,1.99255e-311,1.99255e-311,1.99255e-311
1.99043e-311,1.99043e-311,1.99043e-311,1.98831e-311,1.98831e-311
1.98831e-311,1.98619e-311,1.98619e-311,1.98619e-311,1.98619e-311
1.98407e-311,1.98407e-311,1.98407e-311,1.98194e-311,1.98194e-311
1.98194e-311,1.97982e-311,0,0,0
0,0,0,0,0
0,0,0,0,0
0,0,0,0,0
0,0,0,0,0
0,0,0,0,0
0,0,0,0,0
0,0,0,0,0
0,0,0,0,0
0,0,0,0,0
0,0,0,0,0
0,0,0,0,0
0,0,0,0,0
0,0,0,0,0
0,0,0,0,0
0,0,0,0,0
0,0,0,0,0
0,0,0,0,0
0,0,0,0,0
0,0,0,0,0
0,0,0,0,0
0,0,0,0,0
0,0,0,0,0
0,0,0,0,0
0,0,0,0,0
0,0,0,0,0
0,0,0,0,0
0,0,0,0,0
0,0,0,0,0
0,0,0,0,0
0,0,0,0,0
0,0,0,0,0
0,0,0,0,0
0,0,0,0,0
0,0,0,0,0
0,0,0,0,0
0,0,0,0,0
0,0,0,0,0
0,0,0,0,0
0,0,0,0,0
0,0,0,0,0
0,0,0,0,0
0,0,0,0,0
0,0,0,0,0
0,0,0,0,0
0,0,0,0,0
0,0,0,0,0
0,0,0,0,0
0,0,0,0,0
0,0,0,0,0
0,0,0,0,0
0,0,0,0,0
0,0,0,2.09229e-311,2.09229e-311
2.09229e-311,2.09441e-311,2.09441e-311,2.09441e-311,2.09653e-311
2.09653e-311,2.09653e-311,2.09865e-311,2.09865e-311,2.10078e-311
2.10078e-311,2.1029e-311,2.1029e-311,2.1029e-311,2.10502e-311
2.10502e-311,2.10502e-311,2.10502e-311,2.10714e-311,2.10714e-311
2.10714e-311,2.10926e-311,2.10926e-311,2.10926e-311,2.11139e-311
2.11139e-311,2.11139e-311,2.11351e-311,2.11351e-311,2.11351e-311
2.11563e-311,2.11563e-311,2.11563e-311,2.11563e-311,2.11775e-311
2.11775e-311,2.11775e-311,2.11987e-311,2.11987e-311,2.11987e-311
2.122e-311,2.122e-311,2.122e-311,2.12412e-311,2.12412e-311
2.12412e-311,2.12412e-311,2.12624e-311,2.12624e-311,2.12624e-311
2.12624e-311,2.12836e-311,2.12836e-311,2.12836e-311,2.12836e-311
2.13048e-311,2.13048e-311,2.13048e-311,2.13048e-311,2.13048e-311
2.13261e-311,2.13261e-311,2.13261e-311,2.13261e-311,2.13261e-311
2.13261e-311,2.13473e-311,2.13473e-311,2.13473e-311,2.13473e-311
2.13473e-311,2.13473e-311,2.13685e-311,2.13685e-311,2.13685e-311
2.13685e-311,2.13685e-311,2.13685e-311,2.13897e-311,2.13897e-311
2.13897e-311,2.13897e-311,2.13897e-311,2.14109e-311,2.14109e-311
2.14109e-311,2.14109e-311,2.14322e-311,2.14322e-311,2.14322e-311
2.14322e-311,2.14322e-311,2.14534e-311,2.14534e-311,2.14534e-311
2.14534e-311,2.14534e-311,2.14746e-311,2.14746e-311,2.14746e-311
2.14746e-311,2.14746e-311,2.14958e-311,2.14958e-311,2.14958e-311
2.14958e-311,2.1517e-311,2.1517e-311,2.1517e-311,2.1517e-311
2.15383e-311,2.15383e-311,2.15383e-311,2.15383e-311,2.15595e-311
2.15595e-311,2.15595e-311,2.15595e-311,2.15807e-311,2.15807e-311
2.15807e-311,2.16019e-311,2.16019e-311,2.16019e-311,2.16231e-311
2.16231e-311,2.16231e-311,2.16444e-311,2.16444e-311,2.16444e-311
2.16656e-311,2.16656e-311,2.16656e-311,2.16656e-311,2.16656e-311
2.16868e-311,2.16868e-311,2.16444e-311,2.16656e-311,2.1708e-311
2.1708e-311,2.16231e-311,2.17292e-311,2.17292e-311,2.17292e-311
2.16019e-311,2.17292e-311,2.17505e-311,2.17505e-311,2.17505e-311
2.17505e-311,2.15807e-311,2.17717e-311,2.17717e-311,2.17717e-311
2.17717e-311,2.15595e-311,2.17929e-311,2.17929e-311,2.17929e-311
2.17929e-311,2.15383e-311,2.18141e-311,2.18141e-311,2.18141e-311
2.18141e-311,2.1517e-311,2.18353e-311,2.18353e-311,2.18353e-311
2.18353e-311,2.14958e-311,2.14958e-311,2.18566e-311,2.18566e-311
2.18566e-311,2.18566e-311,2.14746e-311,2.14746e-311,2.18778e-311
2.18778e-311,2.14534e-311,2.14534e-311,2.1899e-311,2.14322e-311
2.14322e-311,2.19202e-311,2.19202e-311,2.19202e-311,2.14109e-311
2.14109e-311,2.19202e-311,2.19414e-311,2.19414e-311,2.19414e-311
2.13897e-311,2.13897e-311,2.19627e-311,2.19627e-311,2.19627e-311
2.13685e-311,2.13685e-311,2.19839e-311,2.19839e-311,2.13473e-311
2.13473e-311,2.20051e-311,2.13261e-311,2.13261e-311,2.20263e-311
2.20263e-311,2.20263e-311,2.13048e-311,2.13048e-311,2.20475e-311
2.20475e-311,2.20475e-311,2.12836e-311,2.20688e-311,2.20688e-311
2.20688e-311,2.20688e-311,2.209e-311,2.209e-311,2.209e-311
2.21112e-311,2.21112e-311,2.21112e-311,2.21324e-311,2.21324e-311
2.21324e-311,2.21536e-311,2.21536e-311,2.21536e-311,2.21749e-311
2.21749e-311,2.21749e-311,2.21961e-311,2.21961e-311,2.22173e-311
2.22385e-311,0,0,0,0
0,0,0,0,0
0,0,0,0,0
1.52894e-319,0,-6.67761e+153,-9.86831e+148,-1.45701e+144
-1.45682e+144,-1.45682e+144,-1.45682e+144,-1.45682e+144,-2.1482e+139
-2.1482e+139,-1.45682e+144,-1.45662e+144,-2.1485e+139,-1.1647e+120
-5.19326e-166,-2.61228e-74,-2.07348e+139,-2.1482e+139,-2.1482e+139
-6.83558e+124,-6.83558e+124,-2.1482e+139,-4.65442e+129,-4.65374e+129
-4.65374e+129,-4.65374e+129,-4.65374e+129,-1.00252e+120,-1.00252e+120
-6.83558e+124,-6.83558e+124,-6.83558e+124,-1.00252e+120,-1.46792e+115
-3.12995e+105,-2.14555e+110,-2.14555e+110,-2.14555e+110,-2.14555e+110
-2.14555e+110,-2.14555e+110,-3.12995e+105,-6.95243e+95,-4.55634e+100
-3.12939e+105,-4.55634e+100,-3.12995e+105,-3.12995e+105,-3.12995e+105
-4.55634e+100,-4.55634e+100,-3.12995e+105,-3.12995e+105,-6.61737e+95
-6.61737e+95,-9.58605e+90,-1.3847e+86,-1.3847e+86,-1.3847e+86
-1.3847e+86,-1.3847e+86,-1.99385e+81,-1.99385e+81,-2.87777e+76
-2.87777e+76,-2.87777e+76,-2.87777e+76,-1.3847e+86,-1.3847e+86
-1.3847e+86,-1.3847e+86,-1.99385e+81,-1.99385e+81,-1.99385e+81
-1.99385e+81,-4.11547e+100,-1.00159e-199,-1.79327e-98,-1.99385e+81
-1.99385e+81,-1.99385e+81,-2.87777e+76,-2.87777e+76,-1.99385e+81
-1.99385e+81,-2.87777e+76,-2.87777e+76,-2.87777e+76,-2.87777e+76
-2.87777e+76,-2.87777e+76,-2.87777e+76,-2.87777e+76,-2.87777e+76
-2.87777e+76,-2.87777e+76,-2.87777e+76,-2.87777e+76,-4.25256e+71
-4.25256e+71,-4.25256e+71,-4.25256e+71,-4.25256e+71,-4.25256e+71
-4.25256e+71,-4.25256e+71,-4.25256e+71,-4.25256e+71,-4.25256e+71
-4.25256e+71,-4.25256e+71,-2.87777e+76,-2.87777e+76,-2.87777e+76
-2.87777e+76,-2.87777e+76,-2.87777e+76,-2.87777e+76,-2.87777e+76
-1.99385e+81,-1.99385e+81,-1.99385e+81,-1.99385e+81,-1.3847e+86
-1.3847e+86,-1.99385e+81,-1.99385e+81,-1.99385e+81,-4.39168e+71
-1.83257e+187,2.76431e-192,1.67779e-197,9.01286e-188,-4.27373e-278
-4.11235e+71,-2.7866e+76,-6.27744e+66,-6.27744e+66,-6.27744e+66
-1.41254e+57,-9.25596e+61,-2.94495e+47,8.7721e+45,1.69637e-226
2.58657e-231,1.69471e-226,2.25788e-231,6.61175e-183,4.91225e-62
3.13522e-86,6.83066e-96,9.70419e-101,1.34639e-76,4.66726e-62
5.17159e-149,2.0138e-226,1.93604e-284,2.44095e-260,5.43043e-183
1.00599e-100,2.93804e-115,2.52883e-86,1.3629e+161,5.0197e+141
-7.88303e-292,4.83412e+175,5.765e+228,6.6145e+228,2.12256e+180
4.22166e+262,5.24627e+170,6.1603e+170,1.65683e-13,2.0096e-139
3.22594e-144,2.84172e-173,2.01486e-197,8.6474e-217,1.80108e-226
1.80108e-226,2.68869e-202,8.56551e-159,2.51088e-110,4.039e-265
1.80107e-255,1.12553e-81,5.85383e+112,4.23196e+175,5.54341e+170
1.3545e+21,2.7883e-311,2.7883e-311,2.7883e-311,2.7883e-311
2.79042e-311,2.79042e-311,2.79042e-311,2.79042e-311,2.79255e-311
2.79255e-311,2.79255e-311,2.79255e-311,2.79467e-311,2.79467e-311
2.79467e-311,2.79679e-311,2.79679e-311,2.79679e-311,2.79891e-311
2.79891e-311,2.79891e-311,2.80103e-311,2.80103e-311,2.80103e-311
2.80103e-311,2.80316e-311,2.80316e-311,2.80316e-311,2.80316e-311
2.80528e-311,2.80528e-311,2.80528e-311,2.80528e-311,2.8074e-311
2.8074e-311,2.8074e-311,2.80952e-311,2.80952e-311,2.80952e-311
2.80952e-311,2.81164e-311,2.81164e-311,2.81164e-311,2.81164e-311
2.81377e-311,2.81377e-311,2.81377e-311,2.81377e-311,2.81589e-311
2.81589e-311,2.81589e-311,2.81589e-311,2.81801e-311,2.81801e-311
2.81801e-311,2.82013e-311,2.82013e-311,2.82013e-311,2.82225e-311
2.82225e-311,2.82225e-311,2.82438e-311,2.82438e-311,2.82438e-311
2.8265e-311,2.8265e-311,2.82862e-311,2.83074e-311,2.83286e-311
-6.83558e+124,-6.83558e+124,-2.1482e+139,-7.10104e+124,-4.65374e+129
-4.65374e+129,-4.65374e+129,-4.65374e+129,-1.00252e+120,-1.00252e+120
-6.83558e+124,-6.83558e+124,-6.83558e+124,-1.00252e+120,-1.46792e+115
-3.12995e+105,-2.14555e+110,-2.14555e+110,-2.14555e+110,-2.14555e+110
-2.14555e+110,-2.14555e+110,-3.12995e+105,-1.00973e+91,-1.00973e+91
-2.98605e+105,-4.55634e+100,-3.12995e+105,-4.55634e+100,-4.55634e+100
-4.55634e+100,-4.55634e+100,-3.12995e+105,-6.61737e+95,-6.61737e+95
-6.61737e+95,-9.58605e+90,-1.3847e+86,-1.3847e+86,-1.3847e+86
-1.3847e+86,-1.99432e+81,-1.99385e+81,-1.99385e+81,-2.87777e+76
-2.87777e+76,-2.87777e+76,-2.87777e+76,-1.3847e+86,-1.3847e+86
-1.3847e+86,-1.3847e+86,-1.99385e+81,-1.99385e+81,-1.99385e+81
-1.99385e+81,-4.11547e+100,-1.00159e-199,-1.79327e-98,-1.99385e+81
-1.99385e+81,-1.99385e+81,-2.87777e+76,-2.87777e+76,-1.99385e+81
-1.99385e+81,-2.87777e+76,-2.87777e+76,-2.87777e+76,-2.87777e+76
-2.87777e+76,-2.87777e+76,-2.87777e+76,-2.87777e+76,-2.87777e+76
-2.87777e+76,-2.87777e+76,-2.87777e+76,-2.87777e+76,-4.25256e+71
-4.25256e+71,-4.25256e+71,-4.25256e+71,-4.25256e+71,-4.25256e+71
-4.25256e+71,-4.25256e+71,-4.25256e+71,-4.25256e+71,-4.25256e+71
-4.25256e+71,-4.25256e+71,-2.87777e+76,-2.87777e+76,-2.87777e+76
-2.87777e+76,-2.87777e+76,-2.87777e+76,-2.87777e+76,-2.87777e+76
-1.99385e+81,-1.99385e+81,-1.99385e+81,-1.99385e+81,-1.3847e+86
-1.3847e+86,-1.99385e+81,-1.99385e+81,-1.99385e+81,-1.99385e+81
-7.63503e+124,7.24363e-275,3.71494e-178,4.18067e-178,3.77571e+155
-3.97268e+71,-4.11398e+71,-6.27744e+66,-6.27744e+66,-6.27744e+66
-9.57861e+61,-1.36292e+57,-2.94495e+47,1.33049e-311,1.33049e-311
1.33049e-311,1.33261e-311,1.33261e-311,1.33261e-311,1.33474e-311
1.33474e-311,1.33474e-311,1.33686e-311,1.33686e-311,1.33686e-311
1.33898e-311,1.33898e-311,1.33898e-311,1.3411e-311,1.3411e-311
1.3411e-311,1.34322e-311,1.34322e-311,1.34322e-311,1.34535e-311
1.34535e-311,1.34535e-311,1.34747e-311,1.34747e-311,1.34747e-311
1.34959e-311,1.34959e-311,1.34959e-311,1.35171e-311,1.35171e-311
1.35171e-311,1.35383e-311,1.35383e-311,1.35383e-311,1.35596e-311
1.35596e-311,1.35596e-311,1.35808e-311,1.35808e-311,1.35808e-311
1.3602e-311,1.3602e-311,1.3602e-311,1.36232e-311,1.36232e-311
1.36232e-311,1.36444e-311,1.36444e-311,1.36444e-311,1.36657e-311
1.36657e-311,1.36657e-311,1.36869e-311,1.36869e-311,1.36869e-311
1.37081e-311,1.37081e-311,1.37081e-311,1.37293e-311,1.37293e-311
1.37293e-311,1.37505e-311,1.37505e-311,1.37505e-311,1.37718e-311
1.37718e-311,1.37718e-311,1.3793e-311,1.3793e-311,1.3793e-311
1.38142e-311,1.38142e-311,1.38142e-311,1.38354e-311,1.38354e-311
1.38354e-311,1.38566e-311,1.38566e-311,1.38566e-311,1.38779e-311
1.38779e-311,1.38779e-311,1.38991e-311,1.38991e-311,1.38991e-311
1.39203e-311,1.39203e-311,1.39203e-311,1.39415e-311,1.39415e-311
1.39415e-311,1.39627e-311,1.39627e-311,1.39627e-311,1.3984e-311
1.3984e-311,1.3984e-311,1.40052e-311,1.40052e-311,1.40052e-311
1.40264e-311,1.40264e-311,1.40264e-311,1.40476e-311,1.40476e-311
1.40476e-311,1.40688e-311,1.40688e-311,1.40688e-311,1.40901e-311
1.40901e-311,1.40901e-311,1.41113e-311,1.41113e-311,1.41113e-311
1.41325e-311,1.41325e-311,1.41325e-311,1.41537e-311,1.41537e-311
1.41537e-311,1.41749e-311,1.41749e-311,1.41962e-311,1.42174e-311
-6.83558e+124,-6.83558e+124,-6.83558e+124,-1.00252e+120,-1.46792e+115
-3.12995e+105,-2.14555e+110,-2.14555e+110,-2.14555e+110,-2.14555e+110
-2.14555e+110,-3.27386e+105,-4.55634e+100,-1.46272e+86,-9.58604e+90
-3.12939e+105,-4.55634e+100,-3.12995e+105,-4.55634e+100,-4.55634e+100
-4.55634e+100,-4.55634e+100,-6.61737e+95,-6.61737e+95,-6.61737e+95
-6.61737e+95,-9.58605e+90,-1.3847e+86,-1.3847e+86,-1.3847e+86
-1.3847e+86,-1.99385e+81,-1.99385e+81,-1.99385e+81,-2.87777e+76
-2.87777e+76,-2.87777e+76,-2.87777e+76,-1.99385e+81,-1.3847e+86
-1.3847e+86,-1.3847e+86,-1.99385e+81,-1.99385e+81,-1.99385e+81
-1.99385e+81,-4.11547e+100,-1.00159e-199,-1.79327e-98,-1.99385e+81
-1.99385e+81,-1.99385e+81,-2.87777e+76,-2.87777e+76,-1.99385e+81
-1.99385e+81,-2.87777e+76,-2.87777e+76,-2.87777e+76,-2.87777e+76
-2.87777e+76,-2.87777e+76,-2.87777e+76,-2.87777e+76,-2.87777e+76
-2.87777e+76,-2.87777e+76,-2.87777e+76,-2.87777e+76,-4.25256e+71
-4.25256e+71,-4.25256e+71,-4.25256e+71,-4.25256e+71,-4.25256e+71
-4.25256e+71,-4.25256e+71,-4.25256e+71,-4.25256e+71,-4.25256e+71
-4.25256e+71,-4.25256e+71,-2.87777e+76,-2.87777e+76,-2.87777e+76
-2.87777e+76,-2.87777e+76,-2.87777e+76,-2.87777e+76,-2.87777e+76
-1.99385e+81,-1.99385e+81,-1.99385e+81,-1.99385e+81,-1.99385e+81
-1.99385e+81,-1.99385e+81,-1.99385e+81,-1.99385e+81,-1.30669e+86
-1.27089e-30,1.48035e-226,1.79533e-168,1.26375e-163,1.82097e+25
-2.82851e+47,-6.27744e+66,-6.27744e+66,-6.27744e+66,-6.27744e+66
-6.27744e+66,-1.36312e+57,-2.9445e+47,1.23387e+70,2.50131e-231
3.81574e-236,2.50036e-231,3.32143e-236,2.10898e-52,9.73264e-72
6.75075e-67,3.03428e-86,4.42227e-62,1.48474e-76,6.39079e-154
1.86846e-255,3.72098e-294,3.41387e-265,1.76173e-197,1.29654e-311
1.29442e-311,1.29654e-311,1.29866e-311,1.29442e-311,1.29866e-311
1.29442e-311,1.29654e-311,1.29866e-311,1.2923e-311,1.2923e-311
1.30078e-311,1.30078e-311,1.2923e-311,1.30078e-311,1.29017e-311
1.29017e-311,1.29017e-311,1.30291e-311,1.30291e-311,1.30291e-311
1.28805e-311,1.28805e-311,1.28805e-311,1.30503e-311,1.30503e-311
1.30503e-311,1.28593e-311,1.28593e-311,1.28593e-311,1.30715e-311
1.30715e-311,1.30715e-311,1.28381e-311,1.28381e-311,1.28381e-311
1.30927e-311,1.30927e-311,1.30927e-311,1.28169e-311,1.28169e-311
1.28169e-311,1.31139e-311,1.31139e-311,1.31139e-311,1.27956e-311
1.27956e-311,1.27956e-311,1.31352e-311,1.31352e-311,1.31352e-311
1.27744e-311,1.27744e-311,1.27744e-311,1.31564e-311,1.31564e-311
1.31564e-311,1.27532e-311,1.27532e-311,1.27532e-311,1.31776e-311
1.31776e-311,1.31776e-311,1.2732e-311,1.2732e-311,1.2732e-311
1.31988e-311,1.31988e-311,1.31988e-311,1.27108e-311,1.27108e-311
1.27108e-311,1.322e-311,1.322e-311,1.322e-311,1.26895e-311
1.26895e-311,1.26895e-311,1.32413e-311,1.32413e-311,1.32413e-311
1.26683e-311,1.26683e-311,1.26683e-311,1.32625e-311,1.32625e-311
1.32625e-311,1.26471e-311,1.26471e-311,1.26471e-311,1.32837e-311
1.32837e-311,1.32837e-311,1.26259e-311,1.26259e-311,1.26259e-311
1.26047e-311,1.26047e-311,1.26047e-311,1.25834e-311,1.25834e-311
1.25834e-311,1.25622e-311,1.25622e-311,1.25622e-311,1.2541e-311
1.2541e-311,1.2541e-311,1.25198e-311,1.25198e-311,1.25198e-311
1.24986e-311,1.24986e-311,1.24986e-311,1.24773e-311,1.24773e-311
1.24773e-311,1.24561e-311,1.24561e-311,1.24561e-311,1.24349e-311
1.24349e-311,1.24349e-311,1.24137e-311,1.24137e-311,1.23925e-311
-4.55634e+100,-9.58605e+90,-6.61737e+95,-4.55549e+100,-4.55634e+100
-4.55634e+100,-4.55634e+100,-6.61737e+95,-6.61737e+95,-6.61737e+95
-6.61737e+95,-9.58605e+90,-1.3847e+86,-1.3847e+86,-1.99385e+81
-1.3847e+86,-1.99385e+81,-1.99385e+81,-1.99385e+81,-2.87777e+76
-2.87777e+76,-2.87777e+76,-2.87777e+76,-1.99385e+81,-1.3847e+86
-1.3847e+86,-1.3847e+86,-1.99385e+81,-1.99385e+81,-1.99385e+81
-1.99385e+81,-4.11547e+100,-1.00159e-199,-1.79327e-98,-1.99385e+81
-1.99385e+81,-1.99385e+81,-2.87777e+76,-2.87777e+76,-1.99385e+81
-1.99385e+81,-2.87777e+76,-2.87777e+76,-2.87777e+76,-2.87777e+76
-2.87777e+76,-2.87777e+76,-2.87777e+76,-2.87777e+76,-2.87777e+76
-2.87777e+76,-2.87777e+76,-2.87777e+76,-2.87777e+76,-4.25256e+71
-4.25256e+71,-4.25256e+71,-4.25256e+71,-4.25256e+71,-4.25256e+71
-4.25256e+71,-4.25256e+71,-4.25256e+71,-4.25256e+71,-4.25256e+71
-4.25256e+71,-4.25256e+71,-2.87777e+76,-2.87777e+76,-2.87777e+76
-2.87777e+76,-2.87777e+76,-2.87777e+76,-2.87777e+76,-2.87777e+76
-1.99385e+81,-1.99385e+81,-1.99385e+81,-1.99385e+81,-1.99385e+81
-1.99385e+81,-1.99385e+81,-1.99385e+81,-1.99385e+81,-9.0728e+90
-6.43645e-238,1.25629e-197,1.86183e-168,1.26358e-163,1.92014e-57
-1.21464e+57,-6.27744e+66,-6.27744e+66,-6.27744e+66,-6.27744e+66
-6.27744e+66,-2.94494e+47,-2.82942e+47,2.51574e+89,2.50099e-231
1.26799e-250,1.6943e-226,4.46209e-212,2.32025e-52,6.74929e-67
