-102.555
-100.849
-104.171
-98.4358
-99.7498
-101.518
-99.6583
-104.422
-102.677
-108.503
-101.484
-109.458
-102.078
-99.0482
-92.9797
-102.024
-95.2095
-104.22
-90.7446
-110.526
-115.83
-109.388
-106.137
-105.067
-104.707
-114.64
-112.307
-113.411
-119.342
-119.858
-108.04
-106.896
-108.78
-114.978
-112.519
-114.076
-114.588
-109.203
-112.867
-118.497
-114.614
-115.239
-121.485
-116.074
-115.22
-117.341
-121.339
-121.702
-123.065
-123.84
-112.836
-123.308
-122.821
-124.482
-125.247
-124.912
-114.469
-121.393
-125.981
-112.92
-121.513
-108.901
-126.664
-126.669
-120.355
-120.838
-127.301
-125.365
-119.837
