48467 140 181 1
48199 139 180 1
48466 139 181 1
48733 139 182 1
48200 140 180 1
48734 140 182 1
48201 141 180 1
48468 141 181 1
48735 141 182 1
47932 139 179 1
47933 140 179 1
49000 139 183 1
49001 140 183 1
47934 141 179 1
49002 141 183 1
47665 139 178 1
47666 140 178 1
47667 141 178 1
49267 139 184 1
49268 140 184 1
49269 141 184 1
47398 139 177 1
47399 140 177 1
47400 141 177 1
49535 140 185 1
49536 141 185 1
49537 142 185 1
47131 139 176 1
47132 140 176 1
49802 140 186 1
49803 141 186 1
49804 142 186 1
46864 139 175 1
46865 140 175 1
50069 140 187 1
50070 141 187 1
50071 142 187 1
46596 138 174 1
46597 139 174 1
46598 140 174 1
50336 140 188 1
50337 141 188 1
50338 142 188 1
46329 138 173 1
46330 139 173 1
46331 140 173 1
50603 140 189 1
50604 141 189 1
50605 142 189 1
46062 138 172 1
46063 139 172 1
46064 140 172 1
50870 140 190 1
50871 141 190 1
50872 142 190 1
45795 138 171 1
45796 139 171 1
51137 140 191 1
51138 141 191 1
51139 142 191 1
45528 138 170 1
45529 139 170 1
51404 140 192 1
51405 141 192 1
51406 142 192 1
45261 138 169 1
45262 139 169 1
45263 140 169 1
51671 140 193 1
51672 141 193 1
51673 142 193 1
44993 137 168 1
44994 138 168 1
44995 139 168 1
51938 140 194 1
51939 141 194 1
51940 142 194 1
44726 137 167 1
44727 138 167 1
44728 139 167 1
52205 140 195 1
52206 141 195 1
52207 142 195 1
44459 137 166 1
44460 138 166 1
52472 140 196 1
52473 141 196 1
52474 142 196 1
44192 137 165 1
44193 138 165 1
52739 140 197 1
52740 141 197 1
52741 142 197 1
43925 137 164 1
43926 138 164 1
43927 139 164 1
53006 140 198 1
53007 141 198 1
53008 142 198 1
43658 137 163 1
43659 138 163 1
43660 139 163 1
53273 140 199 1
53274 141 199 1
53275 142 199 1
43390 136 162 1
43391 137 162 1
43392 138 162 1
53540 140 200 1
53541 141 200 1
53542 142 200 1
43123 136 161 1
43124 137 161 1
53807 140 201 1
53808 141 201 1
53809 142 201 1
42856 136 160 1
42857 137 160 1
54074 140 202 1
54075 141 202 1
54076 142 202 1
42589 136 159 1
42590 137 159 1
42591 138 159 1
54341 140 203 1
54342 141 203 1
54343 142 203 1
42322 136 158 1
42323 137 158 1
54608 140 204 1
54609 141 204 1
54610 142 204 1
54877 142 205 1
54875 140 205 1
54876 141 205 1
42055 136 157 2
41787 135 156 2
42054 135 157 2
42321 135 158 2
41788 136 156 2
41789 137 156 2
42056 137 157 2
41520 135 155 2
41521 136 155 2
41522 137 155 2
41253 135 154 2
41254 136 154 2
40985 134 153 2
40986 135 153 2
40987 136 153 2
40718 134 152 2
40719 135 152 2
40720 136 152 2
40451 134 151 2
40452 135 151 2
40184 134 150 2
40185 135 150 2
40186 136 150 2
39916 133 149 2
39917 134 149 2
39918 135 149 2
39649 133 148 2
39650 134 148 2
39651 135 148 2
39382 133 147 2
39383 134 147 2
39384 135 147 2
39114 132 146 2
39115 133 146 2
39116 134 146 2
38847 132 145 2
38848 133 145 2
38849 134 145 2
38580 132 144 2
38581 133 144 2
38582 134 144 2
38313 132 143 2
38314 133 143 2
38045 131 142 2
38046 132 142 2
38047 133 142 2
37778 131 141 2
37779 132 141 2
37511 131 140 2
37512 132 140 2
37513 133 140 2
37243 130 139 2
37244 131 139 2
37245 132 139 2
36976 130 138 2
36977 131 138 2
36708 129 137 2
36709 130 137 2
36710 131 137 2
36441 129 136 2
36442 130 136 2
36443 131 136 2
36174 129 135 2
36175 130 135 2
35906 128 134 2
35907 129 134 2
35908 130 134 2
35639 128 133 2
35640 129 133 2
35641 130 133 2
61283 140 229 3
61015 139 228 3
61282 139 229 3
61549 139 230 3
61016 140 228 3
61550 140 230 3
61017 141 228 3
61284 141 229 3
61551 141 230 3
60748 139 227 3
60749 140 227 3
61816 139 231 3
61817 140 231 3
60750 141 227 3
61818 141 231 3
60481 139 226 3
60482 140 226 3
60483 141 226 3
62083 139 232 3
62084 140 232 3
62085 141 232 3
60215 140 225 3
60216 141 225 3
60217 142 225 3
62350 139 233 3
62351 140 233 3
59948 140 224 3
59949 141 224 3
59950 142 224 3
62617 139 234 3
62618 140 234 3
59681 140 223 3
59682 141 223 3
59683 142 223 3
62884 139 235 3
62885 140 235 3
59414 140 222 3
59415 141 222 3
59416 142 222 3
63151 139 236 3
63152 140 236 3
59147 140 221 3
59148 141 221 3
59149 142 221 3
63417 138 237 3
63418 139 237 3
63419 140 237 3
58880 140 220 3
58881 141 220 3
58882 142 220 3
63685 139 238 3
63684 138 238 3
63686 140 238 3
58613 140 219 3
58614 141 219 3
58615 142 219 3
63951 138 239 3
63952 139 239 3
58346 140 218 3
58347 141 218 3
58348 142 218 3
64218 138 240 3
64219 139 240 3
58079 140 217 3
58080 141 217 3
58081 142 217 3
64485 138 241 3
64486 139 241 3
57812 140 216 3
57813 141 216 3
57814 142 216 3
64752 138 242 3
64753 139 242 3
57545 140 215 3
57546 141 215 3
57547 142 215 3
65019 138 243 3
65020 139 243 3
57278 140 214 3
57279 141 214 3
57280 142 214 3
65286 138 244 3
57011 140 213 3
57012 141 213 3
57013 142 213 3
65553 138 245 3
56744 140 212 3
56745 141 212 3
56746 142 212 3
65819 137 246 3
65820 138 246 3
65821 139 246 3
56477 140 211 3
56478 141 211 3
56479 142 211 3
66086 137 247 3
66087 138 247 3
56210 140 210 3
56211 141 210 3
56212 142 210 3
66353 137 248 3
55943 140 209 3
55944 141 209 3
55945 142 209 3
66620 137 249 3
55676 140 208 3
55677 141 208 3
55678 142 208 3
66887 137 250 3
66888 138 250 3
32965 124 123 4
32697 123 122 4
32964 123 123 4
32698 124 122 4
33232 124 124 4
32699 125 122 4
32966 125 123 4
33233 125 124 4
32429 122 121 4
32696 122 122 4
32430 123 121 4
32431 124 121 4
33499 124 125 4
33500 125 125 4
33234 126 124 4
33501 126 125 4
32161 121 120 4
32162 122 120 4
32163 123 120 4
32164 124 120 4
33766 124 126 4
33767 125 126 4
33768 126 126 4
33502 127 125 4
33769 127 126 4
31894 121 119 4
31895 122 119 4
31896 123 119 4
34034 125 127 4
34035 126 127 4
34036 127 127 4
31626 120 118 4
31627 121 118 4
31628 122 118 4
31629 123 118 4
34301 125 128 4
34302 126 128 4
34303 127 128 4
34304 128 128 4
31359 120 117 4
31360 121 117 4
31361 122 117 4
34569 126 129 4
34570 127 129 4
34571 128 129 4
31091 119 116 4
31092 120 116 4
31093 121 116 4
31094 122 116 4
34836 126 130 4
34837 127 130 4
34838 128 130 4
34839 129 130 4
30823 118 115 4
30824 119 115 4
30825 120 115 4
30826 121 115 4
35104 127 131 4
35105 128 131 4
35106 129 131 4
30556 118 114 4
30557 119 114 4
30558 120 114 4
35371 127 132 4
35372 128 132 4
35373 129 132 4
35374 130 132 4
30288 117 113 4
30289 118 113 4
30290 119 113 4
30020 116 112 4
30021 117 112 4
30022 118 112 4
30023 119 112 4
29752 115 111 4
29753 116 111 4
29754 117 111 4
29755 118 111 4
29484 114 110 4
29485 115 110 4
29486 116 110 4
29487 117 110 4
29216 113 109 4
29217 114 109 4
29218 115 109 4
29219 116 109 4
28949 113 108 4
28950 114 108 4
28951 115 108 4
28952 116 108 4
28682 113 107 4
28683 114 107 4
28684 115 107 4
28415 113 106 4
28416 114 106 4
74619 126 279 5
74618 125 279 5
74885 125 280 5
74352 126 278 5
74886 126 280 5
74353 127 278 5
74620 127 279 5
74887 127 280 5
75151 124 281 5
75152 125 281 5
75153 126 281 5
74085 126 277 5
74086 127 277 5
74087 128 277 5
74354 128 278 5
74621 128 279 5
75150 123 281 5
75417 123 282 5
75418 124 282 5
75419 125 282 5
75420 126 282 5
73819 127 276 5
73820 128 276 5
73821 129 276 5
74088 129 277 5
75683 122 283 5
75684 123 283 5
75685 124 283 5
75686 125 283 5
73554 129 275 5
73553 128 275 5
73555 130 275 5
75950 122 284 5
75951 123 284 5
75952 124 284 5
75953 125 284 5
73287 129 274 5
73288 130 274 5
76217 122 285 5
76218 123 285 5
76219 124 285 5
73020 129 273 5
73021 130 273 5
73022 131 273 5
76483 121 286 5
76484 122 286 5
76485 123 286 5
76486 124 286 5
72753 129 272 5
72754 130 272 5
72755 131 272 5
76750 121 287 5
76751 122 287 5
76752 123 287 5
72487 130 271 5
72488 131 271 5
77016 120 288 5
77017 121 288 5
77018 122 288 5
72220 130 270 5
72221 131 270 5
72222 132 270 5
77282 119 289 5
77283 120 289 5
77284 121 289 5
77285 122 289 5
71954 131 269 5
71955 132 269 5
77548 118 290 5
77549 119 290 5
77550 120 290 5
77551 121 290 5
71688 132 268 5
71689 133 268 5
77814 117 291 5
77815 118 291 5
77816 119 291 5
77817 120 291 5
71420 131 267 5
71421 132 267 5
71422 133 267 5
70888 133 265 5
71155 133 266 5
78082 118 292 5
78083 119 292 5
28678 109 107 6
28410 108 106 6
28677 108 107 6
28944 108 108 6
28411 109 106 6
28945 109 108 6
28679 110 107 6
28946 110 108 6
28142 107 105 6
28409 107 106 6
28676 107 107 6
28143 108 105 6
28943 107 108 6
29212 109 109 6
29213 110 109 6
28947 111 108 6
29214 111 109 6
27874 106 104 6
28141 106 105 6
28408 106 106 6
28675 106 107 6
29480 110 110 6
29481 111 110 6
29215 112 109 6
29482 112 110 6
27606 105 103 6
27873 105 104 6
28140 105 105 6
28407 105 106 6
29748 111 111 6
29749 112 111 6
29483 113 110 6
29750 113 111 6
27605 104 103 6
27872 104 104 6
28139 104 105 6
28406 104 106 6
30016 112 112 6
30017 113 112 6
29751 114 111 6
30018 114 112 6
27337 103 102 6
27604 103 103 6
27871 103 104 6
28138 103 105 6
30019 115 112 6
27336 102 102 6
27603 102 103 6
27870 102 104 6
28137 102 105 6
30287 116 113 6
27335 101 102 6
27602 101 103 6
27869 101 104 6
28136 101 105 6
27067 100 101 6
27334 100 102 6
27601 100 103 6
27868 100 104 6
27066 99 101 6
27333 99 102 6
27600 99 103 6
27867 99 104 6
27065 98 101 6
79139 107 296 7
78871 106 295 7
79138 106 296 7
79405 106 297 7
78872 107 295 7
79406 107 297 7
78873 108 295 7
79140 108 296 7
79407 108 297 7
78870 105 295 7
79137 105 296 7
78605 107 294 7
79404 105 297 7
79671 105 298 7
78606 108 294 7
78607 109 294 7
78874 109 295 7
79141 109 296 7
78869 104 295 7
79136 104 296 7
79403 104 297 7
79670 104 298 7
78340 109 293 7
78341 110 293 7
78608 110 294 7
78875 110 295 7
79142 110 296 7
79135 103 296 7
79402 103 297 7
79669 103 298 7
78075 111 292 7
78342 111 293 7
78609 111 294 7
78876 111 295 7
79134 102 296 7
79401 102 297 7
79668 102 298 7
78076 112 292 7
78343 112 293 7
78610 112 294 7
79133 101 296 7
79400 101 297 7
79667 101 298 7
78077 113 292 7
78344 113 293 7
78611 113 294 7
79399 100 297 7
79666 100 298 7
79410 111 297 8
79409 110 297 8
79676 110 298 8
79143 111 296 8
79677 111 298 8
79144 112 296 8
79411 112 297 8
79678 112 298 8
79408 109 297 8
79675 109 298 8
79942 109 299 8
79943 110 299 8
79944 111 299 8
78877 112 295 8
78878 113 295 8
79145 113 296 8
79412 113 297 8
79674 108 298 8
79941 108 299 8
80208 108 300 8
80209 109 300 8
78612 114 294 8
78879 114 295 8
79146 114 296 8
79413 114 297 8
79673 107 298 8
79940 107 299 8
80207 107 300 8
78346 115 293 8
78613 115 294 8
78880 115 295 8
79147 115 296 8
79672 106 298 8
79939 106 299 8
80206 106 300 8
80473 106 301 8
78080 116 292 8
78347 116 293 8
78614 116 294 8
78881 116 295 8
79938 105 299 8
80205 105 300 8
80472 105 301 8
78081 117 292 8
78348 117 293 8
78615 117 294 8
79937 104 299 8
80204 104 300 8
80471 104 301 8
78349 118 293 8
79936 103 299 8
80203 103 300 8
80470 103 301 8
78078 114 292 9
77810 113 291 9
77811 114 291 9
78345 114 293 9
77812 115 291 9
78079 115 292 9
77544 114 290 9
77545 115 290 9
77546 116 290 9
77813 116 291 9
77278 115 289 9
77279 116 289 9
77280 117 289 9
77547 117 290 9
77012 116 288 9
77013 117 288 9
77014 118 288 9
77281 118 289 9
76747 118 287 9
76748 119 287 9
77015 119 288 9
76749 120 287 9
73550 125 275 10
73282 124 274 10
73549 124 275 10
73816 124 276 10
73283 125 274 10
73817 125 276 10
73284 126 274 10
73551 126 275 10
73818 126 276 10
73281 123 274 10
73548 123 275 10
73815 123 276 10
74082 123 277 10
74083 124 277 10
73552 127 275 10
73280 122 274 10
73547 122 275 10
73814 122 276 10
74081 122 277 10
73279 121 274 10
73546 121 275 10
73813 121 276 10
74080 121 277 10
73278 120 274 10
73545 120 275 10
73812 120 276 10
74079 120 277 10
73544 119 275 10
73811 119 276 10
74078 119 277 10
73276 118 274 10
73543 118 275 10
73810 118 276 10
73275 117 274 10
73542 117 275 10
73809 117 276 10
73274 116 274 10
73541 116 275 10
27877 109 104 11
27609 108 103 11
27876 108 104 11
27610 109 103 11
28144 109 105 11
27611 110 103 11
27878 110 104 11
28145 110 105 11
27341 107 102 11
27608 107 103 11
27342 108 102 11
27343 109 102 11
28412 110 106 11
27879 111 104 11
28146 111 105 11
28413 111 106 11
27073 106 101 11
27340 106 102 11
27607 106 103 11
27074 107 101 11
27075 108 101 11
28680 111 107 11
27880 112 104 11
28147 112 105 11
28414 112 106 11
28681 112 107 11
26805 105 100 11
27072 105 101 11
27339 105 102 11
26806 106 100 11
28948 112 108 11
28148 113 105 11
26804 104 100 11
27071 104 101 11
27338 104 102 11
26536 103 99 11
26803 103 100 11
27070 103 101 11
26535 102 99 11
26802 102 100 11
27069 102 101 11
26534 101 99 11
26801 101 100 11
26533 100 99 11
26800 100 100 11
26532 99 99 11
71154 132 266 12
70887 132 265 12
70620 132 264 12
70621 133 264 12
70354 133 263 12
70355 134 263 12
70622 134 264 12
70889 134 265 12
70087 133 262 12
70088 134 262 12
70089 135 262 12
69820 133 261 12
69821 134 261 12
69822 135 261 12
69554 134 260 12
69555 135 260 12
69287 134 259 12
69288 135 259 12
69020 134 258 12
69021 135 258 12
69022 136 258 12
68754 135 257 12
68755 136 257 12
68487 135 256 12
68488 136 256 12
68220 135 255 12
68221 136 255 12
68222 137 255 12
67954 136 254 12
67955 137 254 12
67687 136 253 12
67688 137 253 12
67420 136 252 12
67421 137 252 12
67153 136 251 12
67154 137 251 12
67155 138 251 12
26271 105 98 13
26003 104 97 13
26270 104 98 13
26004 105 97 13
26538 105 99 13
26005 106 97 13
26272 106 98 13
26539 106 99 13
25735 103 96 13
26002 103 97 13
26269 103 98 13
25736 104 96 13
25737 105 96 13
25738 106 96 13
25739 107 96 13
26006 107 97 13
26273 107 98 13
26540 107 99 13
26807 107 100 13
25734 102 96 13
26001 102 97 13
26268 102 98 13
26007 108 97 13
26274 108 98 13
26541 108 99 13
26808 108 100 13
25733 101 96 13
26000 101 97 13
26008 109 97 13
26275 109 98 13
26542 109 99 13
26809 109 100 13
27076 109 101 13
25732 100 96 13
25999 100 97 13
26009 110 97 13
26276 110 98 13
26543 110 99 13
26810 110 100 13
25731 99 96 13
25998 99 97 13
26010 111 97 13
26277 111 98 13
26544 111 99 13
26811 111 100 13
25730 98 96 13
25997 98 97 13
26011 112 97 13
26278 112 98 13
26545 112 99 13
26812 112 100 13
27079 112 101 13
25729 97 96 13
25996 97 97 13
26012 113 97 13
26279 113 98 13
26546 113 99 13
26813 113 100 13
27080 113 101 13
26013 114 97 13
26280 114 98 13
26547 114 99 13
26814 114 100 13
27081 114 101 13
27348 114 102 13
26014 115 97 13
26281 115 98 13
26548 115 99 13
26815 115 100 13
27082 115 101 13
36376 64 136 14
36108 63 135 14
36375 63 136 14
36642 63 137 14
36109 64 135 14
36643 64 137 14
36110 65 135 14
36377 65 136 14
36644 65 137 14
35840 62 134 14
36107 62 135 14
36374 62 136 14
35841 63 134 14
35842 64 134 14
36641 62 137 14
36908 62 138 14
36909 63 138 14
36910 64 138 14
35843 65 134 14
36911 65 138 14
35844 66 134 14
36111 66 135 14
35574 63 133 14
36640 61 137 14
35575 64 133 14
35576 65 133 14
36907 61 138 14
37174 61 139 14
37175 62 139 14
37176 63 139 14
37177 64 139 14
37178 65 139 14
35577 66 133 14
35307 63 132 14
35308 64 132 14
35309 65 132 14
35310 66 132 14
37440 60 140 14
37441 61 140 14
37442 62 140 14
37443 63 140 14
37444 64 140 14
35311 67 132 14
35040 63 131 14
35041 64 131 14
35042 65 131 14
35043 66 131 14
35044 67 131 14
37707 60 141 14
37708 61 141 14
37709 62 141 14
37710 63 141 14
37711 64 141 14
34774 64 130 14
34775 65 130 14
34776 66 130 14
34777 67 130 14
34778 68 130 14
37974 60 142 14
37975 61 142 14
37976 62 142 14
37977 63 142 14
37978 64 142 14
34507 64 129 14
34508 65 129 14
34509 66 129 14
34510 67 129 14
34511 68 129 14
38241 60 143 14
38242 61 143 14
38243 62 143 14
38244 63 143 14
34241 65 128 14
34242 66 128 14
34243 67 128 14
34244 68 128 14
38507 59 144 14
38508 60 144 14
38509 61 144 14
38510 62 144 14
38511 63 144 14
33974 65 127 14
33975 66 127 14
33976 67 127 14
33977 68 127 14
33978 69 127 14
38774 59 145 14
38775 60 145 14
38776 61 145 14
38777 62 145 14
38778 63 145 14
33708 66 126 14
33709 67 126 14
33710 68 126 14
33711 69 126 14
39041 59 146 14
39042 60 146 14
39043 61 146 14
39044 62 146 14
33441 66 125 14
33442 67 125 14
33443 68 125 14
33444 69 125 14
33445 70 125 14
39307 58 147 14
39308 59 147 14
39309 60 147 14
39310 61 147 14
39311 62 147 14
33174 66 124 14
33175 67 124 14
33176 68 124 14
33177 69 124 14
33178 70 124 14
39574 58 148 14
39575 59 148 14
39576 60 148 14
39577 61 148 14
39578 62 148 14
32908 67 123 14
32909 68 123 14
32910 69 123 14
32911 70 123 14
32912 71 123 14
39841 58 149 14
39842 59 149 14
39843 60 149 14
39844 61 149 14
39845 62 149 14
32641 67 122 14
32642 68 122 14
32643 69 122 14
32644 70 122 14
32645 71 122 14
40108 58 150 14
40109 59 150 14
40110 60 150 14
40111 61 150 14
32375 68 121 14
32376 69 121 14
32377 70 121 14
32378 71 121 14
32379 72 121 14
40374 57 151 14
40375 58 151 14
40376 59 151 14
40377 60 151 14
40378 61 151 14
32108 68 120 14
32109 69 120 14
32110 70 120 14
32111 71 120 14
32112 72 120 14
40641 57 152 14
40642 58 152 14
40643 59 152 14
40644 60 152 14
40645 61 152 14
31842 69 119 14
31843 70 119 14
31844 71 119 14
31845 72 119 14
40908 57 153 14
40909 58 153 14
40910 59 153 14
40911 60 153 14
40912 61 153 14
31575 69 118 14
31577 71 118 14
31578 72 118 14
31579 73 118 14
41175 57 154 14
41176 58 154 14
41177 59 154 14
41178 60 154 14
41179 61 154 14
31310 71 117 14
31311 72 117 14
31312 73 117 14
41442 57 155 14
41443 58 155 14
41444 59 155 14
41445 60 155 14
41708 56 156 14
41709 57 156 14
41710 58 156 14
41711 59 156 14
41712 60 156 14
41975 56 157 14
41976 57 157 14
41977 58 157 14
41978 59 157 14
41979 60 157 14
42242 56 158 14
42243 57 158 14
42244 58 158 14
42245 59 158 14
42246 60 158 14
42509 56 159 14
42510 57 159 14
42511 58 159 14
42512 59 159 14
42513 60 159 14
42776 56 160 14
42777 57 160 14
42778 58 160 14
42779 59 160 14
43043 56 161 14
43044 57 161 14
43045 58 161 14
43046 59 161 14
43309 55 162 14
43310 56 162 14
43311 57 162 14
43312 58 162 14
43313 59 162 14
43576 55 163 14
43577 56 163 14
43578 57 163 14
43579 58 163 14
43580 59 163 14
43843 55 164 14
43844 56 164 14
43845 57 164 14
43846 58 164 14
43847 59 164 14
44110 55 165 14
44111 56 165 14
44112 57 165 14
44113 58 165 14
44114 59 165 14
44377 55 166 14
44378 56 166 14
44379 57 166 14
44380 58 166 14
44381 59 166 14
44644 55 167 14
44645 56 167 14
44646 57 167 14
44647 58 167 14
44911 55 168 14
44912 56 168 14
44913 57 168 14
44914 58 168 14
45177 54 169 14
45178 55 169 14
45179 56 169 14
45180 57 169 14
45181 58 169 14
47582 56 178 15
47314 55 177 15
47581 55 178 15
47848 55 179 15
47315 56 177 15
47849 56 179 15
47316 57 177 15
47583 57 178 15
47850 57 179 15
47046 54 176 15
47313 54 177 15
47580 54 178 15
47047 55 176 15
47048 56 176 15
47847 54 179 15
48114 54 180 15
48115 55 180 15
48116 56 180 15
47049 57 176 15
48117 57 180 15
46779 54 175 15
46780 55 175 15
47579 53 178 15
47846 53 179 15
46781 56 175 15
46782 57 175 15
48113 53 180 15
48380 53 181 15
48381 54 181 15
48382 55 181 15
48383 56 181 15
48384 57 181 15
46512 54 174 15
46513 55 174 15
46514 56 174 15
46515 57 174 15
46516 58 174 15
48647 53 182 15
48648 54 182 15
48649 55 182 15
48650 56 182 15
48651 57 182 15
46245 54 173 15
46246 55 173 15
46247 56 173 15
46248 57 173 15
48915 54 183 15
48916 55 183 15
48917 56 183 15
48918 57 183 15
45978 54 172 15
45979 55 172 15
45980 56 172 15
45981 57 172 15
49181 53 184 15
49182 54 184 15
49183 55 184 15
49184 56 184 15
49185 57 184 15
45711 54 171 15
45712 55 171 15
45713 56 171 15
45714 57 171 15
45715 58 171 15
49448 53 185 15
49449 54 185 15
49450 55 185 15
49451 56 185 15
49452 57 185 15
45444 54 170 15
45445 55 170 15
45446 56 170 15
45447 57 170 15
45448 58 170 15
49716 54 186 15
49717 55 186 15
49718 56 186 15
49719 57 186 15
49982 53 187 15
49983 54 187 15
49984 55 187 15
49985 56 187 15
49986 57 187 15
50249 53 188 15
50250 54 188 15
50251 55 188 15
50252 56 188 15
50253 57 188 15
50516 53 189 15
50517 54 189 15
50518 55 189 15
50519 56 189 15
50520 57 189 15
50783 53 190 15
50784 54 190 15
50785 55 190 15
50786 56 190 15
50787 57 190 15
51050 53 191 15
51051 54 191 15
51052 55 191 15
51053 56 191 15
51317 53 192 15
51318 54 192 15
51319 55 192 15
51320 56 192 15
51321 57 192 15
51584 53 193 15
51585 54 193 15
51586 55 193 15
51587 56 193 15
51588 57 193 15
51851 53 194 15
51852 54 194 15
51853 55 194 15
52118 53 195 15
52119 54 195 15
52120 55 195 15
52121 56 195 15
52385 53 196 15
52386 54 196 15
52387 55 196 15
52388 56 196 15
52389 57 196 15
52652 53 197 15
52653 54 197 15
52654 55 197 15
52655 56 197 15
52656 57 197 15
52919 53 198 15
52920 54 198 15
52921 55 198 15
53186 53 199 15
53187 54 199 15
53188 55 199 15
52922 56 198 15
53453 53 200 15
53720 53 201 15
80468 101 301 16
80200 100 300 16
80467 100 301 16
80201 101 300 16
80202 102 300 16
80469 102 301 16
80466 99 301 16
80199 99 300 16
79935 102 299 16
80465 98 301 16
80464 97 301 16
80463 96 301 16
80462 95 301 16
57461 56 215 17
57193 55 214 17
57460 55 215 17
57727 55 216 17
57194 56 214 17
57728 56 216 17
57195 57 214 17
57462 57 215 17
57729 57 216 17
56925 54 213 17
57192 54 214 17
57459 54 215 17
56926 55 213 17
56927 56 213 17
57726 54 216 17
57993 54 217 17
57994 55 217 17
57995 56 217 17
56928 57 213 17
57996 57 217 17
56657 53 212 17
56924 53 213 17
57191 53 214 17
56658 54 212 17
56659 55 212 17
57458 53 215 17
57725 53 216 17
56660 56 212 17
56661 57 212 17
58260 54 218 17
58261 55 218 17
58262 56 218 17
58263 57 218 17
56390 53 211 17
56391 54 211 17
56392 55 211 17
56393 56 211 17
56394 57 211 17
58527 54 219 17
58528 55 219 17
58529 56 219 17
58530 57 219 17
56123 53 210 17
56124 54 210 17
56125 55 210 17
56126 56 210 17
56127 57 210 17
58794 54 220 17
58795 55 220 17
58796 56 220 17
58797 57 220 17
58798 58 220 17
55856 53 209 17
55857 54 209 17
55858 55 209 17
55859 56 209 17
55860 57 209 17
59061 54 221 17
59062 55 221 17
59063 56 221 17
59064 57 221 17
59065 58 221 17
55589 53 208 17
55590 54 208 17
55591 55 208 17
55592 56 208 17
55593 57 208 17
59328 54 222 17
59329 55 222 17
59330 56 222 17
59331 57 222 17
55322 53 207 17
55323 54 207 17
55324 55 207 17
55325 56 207 17
55326 57 207 17
59595 54 223 17
59596 55 223 17
59597 56 223 17
59598 57 223 17
55055 53 206 17
55056 54 206 17
55057 55 206 17
55058 56 206 17
55059 57 206 17
59862 54 224 17
59863 55 224 17
59864 56 224 17
59865 57 224 17
59866 58 224 17
54789 54 205 17
54790 55 205 17
54791 56 205 17
54792 57 205 17
60129 54 225 17
60130 55 225 17
60131 56 225 17
60132 57 225 17
54521 53 204 17
54522 54 204 17
54523 55 204 17
54524 56 204 17
54525 57 204 17
60396 54 226 17
60397 55 226 17
60398 56 226 17
60399 57 226 17
54254 53 203 17
54255 54 203 17
54256 55 203 17
54257 56 203 17
54258 57 203 17
60663 54 227 17
60664 55 227 17
60665 56 227 17
60666 57 227 17
53987 53 202 17
53988 54 202 17
53989 55 202 17
53990 56 202 17
53991 57 202 17
60931 55 228 17
60933 57 228 17
53721 54 201 17
53722 55 201 17
53723 56 201 17
61198 55 229 17
61199 56 229 17
61200 57 229 17
61201 58 229 17
53454 54 200 17
53455 55 200 17
53456 56 200 17
53457 57 200 17
61465 55 230 17
53189 56 199 17
53190 57 199 17
61732 55 231 17
52923 57 198 17
61999 55 232 17
62266 55 233 17
62533 55 234 17
62801 56 235 17
30779 74 115 18
30511 73 114 18
30778 73 115 18
31045 73 116 18
30512 74 114 18
31046 74 116 18
30513 75 114 18
30780 75 115 18
31047 75 116 18
30510 72 114 18
30777 72 115 18
30244 73 113 18
30245 74 113 18
31044 72 116 18
31313 74 117 18
30246 75 113 18
30247 76 113 18
30514 76 114 18
30781 76 115 18
31314 75 117 18
30776 71 115 18
31043 71 116 18
29977 73 112 18
29978 74 112 18
29979 75 112 18
31580 74 118 18
29980 76 112 18
29981 77 112 18
30248 77 113 18
31309 70 117 18
29711 74 111 18
29712 75 111 18
29713 76 111 18
31846 73 119 18
29714 77 111 18
29715 78 111 18
29982 78 112 18
30249 78 113 18
30515 77 114 18
31576 70 118 18
29445 75 110 18
29446 76 110 18
29447 77 110 18
32113 73 120 18
29448 78 110 18
29983 79 112 18
29179 76 109 18
29180 77 109 18
29181 78 109 18
29182 79 109 18
29449 79 110 18
28912 76 108 18
28913 77 108 18
28914 78 108 18
28646 77 107 18
28647 78 107 18
76214 119 285 19
75946 118 284 19
76213 118 285 19
76480 118 286 19
75947 119 284 19
75948 120 284 19
75678 117 283 19
75945 117 284 19
76212 117 285 19
75679 118 283 19
75949 121 284 19
76216 121 285 19
75677 116 283 19
75944 116 284 19
76211 116 285 19
76478 116 286 19
76479 117 286 19
75409 115 282 19
75676 115 283 19
75943 115 284 19
76210 115 285 19
76477 115 286 19
76744 115 287 19
76745 116 287 19
75408 114 282 19
75675 114 283 19
75942 114 284 19
76209 114 285 19
76476 114 286 19
76743 114 287 19
75140 113 281 19
75407 113 282 19
75941 113 284 19
76208 113 285 19
76475 113 286 19
75139 112 281 19
75406 112 282 19
75940 112 284 19
76207 112 285 19
76474 112 286 19
74871 111 280 19
75138 111 281 19
74872 112 280 19
75939 111 284 19
76206 111 285 19
76473 111 286 19
74603 110 279 19
74870 110 280 19
75137 110 281 19
75938 110 284 19
76205 110 285 19
76472 110 286 19
74602 109 279 19
74869 109 280 19
75937 109 284 19
76204 109 285 19
74334 108 278 19
74601 108 279 19
74868 108 280 19
75669 108 283 19
75936 108 284 19
75670 109 283 19
74333 107 278 19
74600 107 279 19
74867 107 280 19
75134 107 281 19
75135 108 281 19
75401 107 282 19
75668 107 283 19
75402 108 282 19
75671 110 283 19
75132 105 281 19
75403 109 282 19
74599 106 279 19
74066 107 277 19
74866 106 280 19
75133 106 281 19
75400 106 282 19
75136 109 281 19
27332 98 102 20
27064 97 101 20
27331 97 102 20
27598 97 103 20
27599 98 103 20
27063 96 101 20
27330 96 102 20
27597 96 103 20
27864 96 104 20
27865 97 104 20
27866 98 104 20
27062 95 101 20
27329 95 102 20
27596 95 103 20
27863 95 104 20
27061 94 101 20
27328 94 102 20
27595 94 103 20
27862 94 104 20
27060 93 101 20
27327 93 102 20
27594 93 103 20
27861 93 104 20
27059 92 101 20
27326 92 102 20
27593 92 103 20
27860 92 104 20
27058 91 101 20
27325 91 102 20
27592 91 103 20
27859 91 104 20
27057 90 101 20
27324 90 102 20
27591 90 103 20
27858 90 104 20
28125 90 105 20
27056 89 101 20
27323 89 102 20
27590 89 103 20
27857 89 104 20
28124 89 105 20
27322 88 102 20
27589 88 103 20
27856 88 104 20
28123 88 105 20
27321 87 102 20
27588 87 103 20
27855 87 104 20
28122 87 105 20
28389 87 106 20
27320 86 102 20
27587 86 103 20
27854 86 104 20
28121 86 105 20
27586 85 103 20
27853 85 104 20
28120 85 105 20
28387 85 106 20
28388 86 106 20
27852 84 104 20
28119 84 105 20
28386 84 106 20
28118 83 105 20
28385 83 106 20
79398 99 297 21
79130 98 296 21
79397 98 297 21
79664 98 298 21
79131 99 296 21
79665 99 298 21
79132 100 296 21
78862 97 295 21
79129 97 296 21
79396 97 297 21
78863 98 295 21
78864 99 295 21
79663 97 298 21
78865 100 295 21
78866 101 295 21
78594 96 294 21
78861 96 295 21
79128 96 296 21
79395 96 297 21
79662 96 298 21
78597 99 294 21
78593 95 294 21
78860 95 295 21
79127 95 296 21
79394 95 297 21
79661 95 298 21
78592 94 294 21
78859 94 295 21
79126 94 296 21
79393 94 297 21
79660 94 298 21
78324 93 293 21
78591 93 294 21
78858 93 295 21
79125 93 296 21
79392 93 297 21
78323 92 293 21
78590 92 294 21
78857 92 295 21
79124 92 296 21
79391 92 297 21
78055 91 292 21
78322 91 293 21
78589 91 294 21
78856 91 295 21
79123 91 296 21
78054 90 292 21
78321 90 293 21
78588 90 294 21
78855 90 295 21
79122 90 296 21
78053 89 292 21
78320 89 293 21
78587 89 294 21
78854 89 295 21
79121 89 296 21
77785 88 291 21
78052 88 292 21
78319 88 293 21
78586 88 294 21
78853 88 295 21
77784 87 291 21
78051 87 292 21
78318 87 293 21
78585 87 294 21
78852 87 295 21
77516 86 290 21
77783 86 291 21
78050 86 292 21
78317 86 293 21
78584 86 294 21
77248 85 289 21
77515 85 290 21
77782 85 291 21
77249 86 289 21
77517 87 290 21
78049 85 292 21
78316 85 293 21
78583 85 294 21
77247 84 289 21
77514 84 290 21
77781 84 291 21
78048 84 292 21
78315 84 293 21
76979 83 288 21
77246 83 289 21
77513 83 290 21
77780 83 291 21
78047 83 292 21
76711 82 287 21
76978 82 288 21
77512 82 290 21
77245 82 289 21
77779 82 291 21
78046 82 292 21
76443 81 286 21
76710 81 287 21
76977 81 288 21
77778 81 291 21
77511 81 290 21
74071 112 277 22
73803 111 276 22
74070 111 277 22
74337 111 278 22
73804 112 276 22
74338 112 278 22
73805 113 276 22
74072 113 277 22
74339 113 278 22
73535 110 275 22
73802 110 276 22
74069 110 277 22
73536 111 275 22
74336 110 278 22
73534 109 275 22
73801 109 276 22
74068 109 277 22
73533 108 275 22
73800 108 276 22
73265 107 274 22
73532 107 275 22
73799 107 276 22
73266 108 274 22
73264 106 274 22
73531 106 275 22
72998 107 273 22
73267 109 274 22
72996 105 273 22
73263 105 274 22
72997 106 273 22
72728 104 272 22
72995 104 273 22
72729 105 272 22
72460 103 271 22
72727 103 272 22
72461 104 271 22
72462 105 271 22
72730 106 272 22
72192 102 270 22
72459 102 271 22
72193 103 270 22
71925 102 269 22
71926 103 269 22
71657 101 268 22
26825 125 100 23
26557 124 99 23
26824 124 100 23
27091 124 101 23
26558 125 99 23
27092 125 101 23
26559 126 99 23
26826 126 100 23
27093 126 101 23
26289 123 98 23
26556 123 99 23
26823 123 100 23
26290 124 98 23
26291 125 98 23
27090 123 101 23
27357 123 102 23
27358 124 102 23
27359 125 102 23
27360 126 102 23
26560 127 99 23
26827 127 100 23
27094 127 101 23
27361 127 102 23
26288 122 98 23
26555 122 99 23
26822 122 100 23
27089 122 101 23
27356 122 102 23
27623 122 103 23
27624 123 103 23
27625 124 103 23
27626 125 103 23
27628 127 103 23
26561 128 99 23
26828 128 100 23
27095 128 101 23
27362 128 102 23
27629 128 103 23
26287 121 98 23
26554 121 99 23
26821 121 100 23
27088 121 101 23
27355 121 102 23
27622 121 103 23
26562 129 99 23
26829 129 100 23
27096 129 101 23
27363 129 102 23
27630 129 103 23
27897 129 104 23
26286 120 98 23
26553 120 99 23
26820 120 100 23
27087 120 101 23
27354 120 102 23
27621 120 103 23
26563 130 99 23
26830 130 100 23
27097 130 101 23
27364 130 102 23
27631 130 103 23
27898 130 104 23
26285 119 98 23
26552 119 99 23
26819 119 100 23
27086 119 101 23
27353 119 102 23
27620 119 103 23
26564 131 99 23
26831 131 100 23
27098 131 101 23
27365 131 102 23
27632 131 103 23
27899 131 104 23
26284 118 98 23
26551 118 99 23
26818 118 100 23
27085 118 101 23
27352 118 102 23
27619 118 103 23
26565 132 99 23
26832 132 100 23
27099 132 101 23
27366 132 102 23
27633 132 103 23
27900 132 104 23
26283 117 98 23
26550 117 99 23
26817 117 100 23
27084 117 101 23
27351 117 102 23
27618 117 103 23
26833 133 100 23
27100 133 101 23
27367 133 102 23
27634 133 103 23
27901 133 104 23
28168 133 105 23
26015 116 97 23
26282 116 98 23
26549 116 99 23
26816 116 100 23
27083 116 101 23
27350 116 102 23
27617 116 103 23
26834 134 100 23
27101 134 101 23
27368 134 102 23
27635 134 103 23
27902 134 104 23
28169 134 105 23
26835 135 100 23
27102 135 101 23
27369 135 102 23
27636 135 103 23
27903 135 104 23
28170 135 105 23
26836 136 100 23
27103 136 101 23
27370 136 102 23
27637 136 103 23
27904 136 104 23
28171 136 105 23
26837 137 100 23
27104 137 101 23
27371 137 102 23
27638 137 103 23
27905 137 104 23
28172 137 105 23
26838 138 100 23
27105 138 101 23
27372 138 102 23
27639 138 103 23
27906 138 104 23
28173 138 105 23
27106 139 101 23
27373 139 102 23
27640 139 103 23
27907 139 104 23
28174 139 105 23
27107 140 101 23
27374 140 102 23
27641 140 103 23
27908 140 104 23
28175 140 105 23
28442 140 106 23
27108 141 101 23
27375 141 102 23
27642 141 103 23
27909 141 104 23
28176 141 105 23
28443 141 106 23
27109 142 101 23
27376 142 102 23
27643 142 103 23
27910 142 104 23
28177 142 105 23
27110 143 101 23
27377 143 102 23
27644 143 103 23
27911 143 104 23
28178 143 105 23
28445 143 106 23
27378 144 102 23
27645 144 103 23
27912 144 104 23
28179 144 105 23
28446 144 106 23
27379 145 102 23
27646 145 103 23
27913 145 104 23
28180 145 105 23
28447 145 106 23
27380 146 102 23
27647 146 103 23
27914 146 104 23
28181 146 105 23
28448 146 106 23
28715 146 107 23
27381 147 102 23
27648 147 103 23
27915 147 104 23
28182 147 105 23
28449 147 106 23
28716 147 107 23
27649 148 103 23
27916 148 104 23
28183 148 105 23
28450 148 106 23
28717 148 107 23
27650 149 103 23
27917 149 104 23
28184 149 105 23
28451 149 106 23
28718 149 107 23
27651 150 103 23
27918 150 104 23
28185 150 105 23
28452 150 106 23
28719 150 107 23
28986 150 108 23
27652 151 103 23
27919 151 104 23
28186 151 105 23
28453 151 106 23
28720 151 107 23
28987 151 108 23
27920 152 104 23
28187 152 105 23
28454 152 106 23
28721 152 107 23
28988 152 108 23
27921 153 104 23
28188 153 105 23
28455 153 106 23
28722 153 107 23
28989 153 108 23
27922 154 104 23
28189 154 105 23
28456 154 106 23
28723 154 107 23
28990 154 108 23
29257 154 109 23
27923 155 104 23
28190 155 105 23
28457 155 106 23
28724 155 107 23
28191 156 105 23
28458 156 106 23
28725 156 107 23
28992 156 108 23
28192 157 105 23
28459 157 106 23
28726 157 107 23
28993 157 108 23
29259 156 109 23
29260 157 109 23
28193 158 105 23
28460 158 106 23
28727 158 107 23
28994 158 108 23
28991 155 108 23
55366 97 207 24
55098 96 206 24
55365 96 207 24
55632 96 208 24
55099 97 206 24
55633 97 208 24
55100 98 206 24
55367 98 207 24
55634 98 208 24
54830 95 205 24
55097 95 206 24
55364 95 207 24
54831 96 205 24
54832 97 205 24
55899 96 209 24
55900 97 209 24
54833 98 205 24
55901 98 209 24
54834 99 205 24
55101 99 206 24
55368 99 207 24
55635 99 208 24
55902 99 209 24
54563 95 204 24
54564 96 204 24
54565 97 204 24
54566 98 204 24
56166 96 210 24
56167 97 210 24
56168 98 210 24
54567 99 204 24
56169 99 210 24
54835 100 205 24
55102 100 206 24
55369 100 207 24
55636 100 208 24
55903 100 209 24
56170 100 210 24
54296 95 203 24
54297 96 203 24
54298 97 203 24
54299 98 203 24
54300 99 203 24
56433 96 211 24
56434 97 211 24
56435 98 211 24
56436 99 211 24
56437 100 211 24
54029 95 202 24
54030 96 202 24
54031 97 202 24
54032 98 202 24
54033 99 202 24
56700 96 212 24
56701 97 212 24
56702 98 212 24
56703 99 212 24
56704 100 212 24
53762 95 201 24
53763 96 201 24
53764 97 201 24
53765 98 201 24
53766 99 201 24
56967 96 213 24
56968 97 213 24
56969 98 213 24
56970 99 213 24
56971 100 213 24
53495 95 200 24
53496 96 200 24
53497 97 200 24
53498 98 200 24
53499 99 200 24
57234 96 214 24
57235 97 214 24
57236 98 214 24
57237 99 214 24
57238 100 214 24
57239 101 214 24
53228 95 199 24
53229 96 199 24
53230 97 199 24
53231 98 199 24
53232 99 199 24
57501 96 215 24
57502 97 215 24
57503 98 215 24
57504 99 215 24
57505 100 215 24
52961 95 198 24
52962 96 198 24
52963 97 198 24
52964 98 198 24
52965 99 198 24
57768 96 216 24
57769 97 216 24
57770 98 216 24
57771 99 216 24
57772 100 216 24
52694 95 197 24
52695 96 197 24
52696 97 197 24
52697 98 197 24
52698 99 197 24
58036 97 217 24
58037 98 217 24
58038 99 217 24
58039 100 217 24
57506 101 215 24
52427 95 196 24
52428 96 196 24
52429 97 196 24
52430 98 196 24
52431 99 196 24
58303 97 218 24
58304 98 218 24
58305 99 218 24
58306 100 218 24
52160 95 195 24
52161 96 195 24
52162 97 195 24
52163 98 195 24
52164 99 195 24
58570 97 219 24
58571 98 219 24
58572 99 219 24
58573 100 219 24
51893 95 194 24
51894 96 194 24
51895 97 194 24
51896 98 194 24
51897 99 194 24
58838 98 220 24
58839 99 220 24
58840 100 220 24
58841 101 220 24
51626 95 193 24
51627 96 193 24
51628 97 193 24
51629 98 193 24
51630 99 193 24
59105 98 221 24
59106 99 221 24
59107 100 221 24
59108 101 221 24
51359 95 192 24
51360 96 192 24
51361 97 192 24
51362 98 192 24
51363 99 192 24
59372 98 222 24
59373 99 222 24
59374 100 222 24
59375 101 222 24
51092 95 191 24
51093 96 191 24
51094 97 191 24
51095 98 191 24
51096 99 191 24
59639 98 223 24
59640 99 223 24
59641 100 223 24
59642 101 223 24
50826 96 190 24
50827 97 190 24
50828 98 190 24
50829 99 190 24
59906 98 224 24
59907 99 224 24
59908 100 224 24
59909 101 224 24
59910 102 224 24
50558 95 189 24
50559 96 189 24
50560 97 189 24
50561 98 189 24
50562 99 189 24
60173 98 225 24
60174 99 225 24
60175 100 225 24
60176 101 225 24
60177 102 225 24
50291 95 188 24
50292 96 188 24
50293 97 188 24
50294 98 188 24
50295 99 188 24
60441 99 226 24
60442 100 226 24
60443 101 226 24
60444 102 226 24
60445 103 226 24
50024 95 187 24
50025 96 187 24
50026 97 187 24
50027 98 187 24
50028 99 187 24
60708 99 227 24
60709 100 227 24
60710 101 227 24
60711 102 227 24
49757 95 186 24
49758 96 186 24
49759 97 186 24
49760 98 186 24
49761 99 186 24
60975 99 228 24
60976 100 228 24
60977 101 228 24
60978 102 228 24
62536 58 234 25
62268 57 233 25
62535 57 234 25
62802 57 235 25
62269 58 233 25
62803 58 235 25
62270 59 233 25
62537 59 234 25
62804 59 235 25
62000 56 232 25
62267 56 233 25
62534 56 234 25
62001 57 232 25
62002 58 232 25
63068 56 236 25
63069 57 236 25
63070 58 236 25
62003 59 232 25
63071 59 236 25
62805 60 235 25
61733 56 231 25
61734 57 231 25
61735 58 231 25
61736 59 231 25
63335 56 237 25
63336 57 237 25
63337 58 237 25
63338 59 237 25
63339 60 237 25
63072 60 236 25
61466 56 230 25
61467 57 230 25
61468 58 230 25
61469 59 230 25
63602 56 238 25
63603 57 238 25
63604 58 238 25
63605 59 238 25
63606 60 238 25
61202 59 229 25
63870 57 239 25
63871 58 239 25
63872 59 239 25
63873 60 239 25
60934 58 228 25
60935 59 228 25
64137 57 240 25
64138 58 240 25
64139 59 240 25
64140 60 240 25
60667 58 227 25
64404 57 241 25
64405 58 241 25
64406 59 241 25
64407 60 241 25
60400 58 226 25
64671 57 242 25
64672 58 242 25
64673 59 242 25
64674 60 242 25
64675 61 242 25
60133 58 225 25
64938 57 243 25
64939 58 243 25
64940 59 243 25
64941 60 243 25
64942 61 243 25
65205 57 244 25
65206 58 244 25
65207 59 244 25
65208 60 244 25
65209 61 244 25
65473 58 245 25
65474 59 245 25
65475 60 245 25
65476 61 245 25
65740 58 246 25
65741 59 246 25
65742 60 246 25
65743 61 246 25
66007 58 247 25
66008 59 247 25
66009 60 247 25
66010 61 247 25
66274 58 248 25
66275 59 248 25
66276 60 248 25
66277 61 248 25
66278 62 248 25
66542 59 249 25
66543 60 249 25
66544 61 249 25
66545 62 249 25
66809 59 250 25
66810 60 250 25
66811 61 250 25
66812 62 250 25
67076 59 251 25
67077 60 251 25
67078 61 251 25
67079 62 251 25
67344 60 252 25
67345 61 252 25
67346 62 252 25
67347 63 252 25
67611 60 253 25
67612 61 253 25
67613 62 253 25
67614 63 253 25
67878 60 254 25
67879 61 254 25
67880 62 254 25
67881 63 254 25
68145 60 255 25
68146 61 255 25
68148 63 255 25
68413 61 256 25
68415 63 256 25
68414 62 256 25
68147 62 255 25
28916 80 108 26
28648 79 107 26
28915 79 108 26
28649 80 107 26
29183 80 109 26
28650 81 107 26
28917 81 108 26
29184 81 109 26
28380 78 106 26
28381 79 106 26
28382 80 106 26
28383 81 106 26
29450 80 110 26
29451 81 110 26
28384 82 106 26
28651 82 107 26
28918 82 108 26
28114 79 105 26
28115 80 105 26
28116 81 105 26
28117 82 105 26
29716 79 111 26
29717 80 111 26
28652 83 107 26
28919 83 108 26
39351 102 147 27
39083 101 146 27
39350 101 147 27
39617 101 148 27
39084 102 146 27
39618 102 148 27
39085 103 146 27
39352 103 147 27
39619 103 148 27
39349 100 147 27
38816 101 145 27
38817 102 145 27
39616 100 148 27
39883 100 149 27
39884 101 149 27
39885 102 149 27
38818 103 145 27
39886 103 149 27
38819 104 145 27
39086 104 146 27
39353 104 147 27
39620 104 148 27
39887 104 149 27
38549 101 144 27
38550 102 144 27
38551 103 144 27
40150 100 150 27
40151 101 150 27
40152 102 150 27
40153 103 150 27
38552 104 144 27
40154 104 150 27
38553 105 144 27
38820 105 145 27
39087 105 146 27
39354 105 147 27
39621 105 148 27
38283 102 143 27
38284 103 143 27
38285 104 143 27
40416 99 151 27
40417 100 151 27
40418 101 151 27
40419 102 151 27
40420 103 151 27
40421 104 151 27
38286 105 143 27
38287 106 143 27
38554 106 144 27
38016 102 142 27
38017 103 142 27
38018 104 142 27
38019 105 142 27
40683 99 152 27
40684 100 152 27
40685 101 152 27
40686 102 152 27
40687 103 152 27
40688 104 152 27
38020 106 142 27
37749 102 141 27
37750 103 141 27
37751 104 141 27
37752 105 141 27
37753 106 141 27
40950 99 153 27
40951 100 153 27
40952 101 153 27
40953 102 153 27
40954 103 153 27
37754 107 141 27
37482 102 140 27
37483 103 140 27
37484 104 140 27
37485 105 140 27
37486 106 140 27
37487 107 140 27
41217 99 154 27
41218 100 154 27
41219 101 154 27
41220 102 154 27
41221 103 154 27
37216 103 139 27
37217 104 139 27
37218 105 139 27
37219 106 139 27
37220 107 139 27
41484 99 155 27
41485 100 155 27
41486 101 155 27
41487 102 155 27
41488 103 155 27
36949 103 138 27
36950 104 138 27
36951 105 138 27
36952 106 138 27
36953 107 138 27
41750 98 156 27
41751 99 156 27
41752 100 156 27
41753 101 156 27
41754 102 156 27
41755 103 156 27
36682 103 137 27
36683 104 137 27
36684 105 137 27
36685 106 137 27
36686 107 137 27
36687 108 137 27
42017 98 157 27
42018 99 157 27
42019 100 157 27
42020 101 157 27
42021 102 157 27
36416 104 136 27
36417 105 136 27
36418 106 136 27
36419 107 136 27
36420 108 136 27
42284 98 158 27
42285 99 158 27
42286 100 158 27
42287 101 158 27
42288 102 158 27
36149 104 135 27
36150 105 135 27
36151 106 135 27
36152 107 135 27
36153 108 135 27
42551 98 159 27
42552 99 159 27
42553 100 159 27
42554 101 159 27
42555 102 159 27
35882 104 134 27
35883 105 134 27
35884 106 134 27
35885 107 134 27
35886 108 134 27
35887 109 134 27
42818 98 160 27
42819 99 160 27
42820 100 160 27
42821 101 160 27
42822 102 160 27
35616 105 133 27
35617 106 133 27
35618 107 133 27
35619 108 133 27
35620 109 133 27
43084 97 161 27
43085 98 161 27
43086 99 161 27
43087 100 161 27
43088 101 161 27
43089 102 161 27
35349 105 132 27
35350 106 132 27
35351 107 132 27
35352 108 132 27
35353 109 132 27
43351 97 162 27
43352 98 162 27
43353 99 162 27
43354 100 162 27
43355 101 162 27
43356 102 162 27
35082 105 131 27
35083 106 131 27
35084 107 131 27
35085 108 131 27
35086 109 131 27
35087 110 131 27
43618 97 163 27
43619 98 163 27
43620 99 163 27
43621 100 163 27
43622 101 163 27
34816 106 130 27
34817 107 130 27
34818 108 130 27
34819 109 130 27
34820 110 130 27
43885 97 164 27
43886 98 164 27
43887 99 164 27
43888 100 164 27
43889 101 164 27
34549 106 129 27
34550 107 129 27
34551 108 129 27
34552 109 129 27
34553 110 129 27
44152 97 165 27
44153 98 165 27
44154 99 165 27
44155 100 165 27
44156 101 165 27
34282 106 128 27
34283 107 128 27
34284 108 128 27
34285 109 128 27
34286 110 128 27
44419 97 166 27
44420 98 166 27
44421 99 166 27
44422 100 166 27
44423 101 166 27
34015 106 127 27
34016 107 127 27
34017 108 127 27
34018 109 127 27
34019 110 127 27
34020 111 127 27
44686 97 167 27
44687 98 167 27
44688 99 167 27
44689 100 167 27
44690 101 167 27
33750 108 126 27
33751 109 126 27
33752 110 126 27
33753 111 126 27
44952 96 168 27
44953 97 168 27
44954 98 168 27
44955 99 168 27
44956 100 168 27
44957 101 168 27
33749 107 126 27
45219 96 169 27
45220 97 169 27
45221 98 169 27
45222 99 169 27
45223 100 169 27
45224 101 169 27
45486 96 170 27
45487 97 170 27
45488 98 170 27
45489 99 170 27
45490 100 170 27
45753 96 171 27
45754 97 171 27
45755 98 171 27
45756 99 171 27
45757 100 171 27
46020 96 172 27
46021 97 172 27
46022 98 172 27
46023 99 172 27
46024 100 172 27
46287 96 173 27
46288 97 173 27
46289 98 173 27
46290 99 173 27
46291 100 173 27
46554 96 174 27
46555 97 174 27
46556 98 174 27
46557 99 174 27
46558 100 174 27
46821 96 175 27
46822 97 175 27
46823 98 175 27
46824 99 175 27
46825 100 175 27
47088 96 176 27
47089 97 176 27
47090 98 176 27
47091 99 176 27
47092 100 176 27
47355 96 177 27
47356 97 177 27
47357 98 177 27
47358 99 177 27
47359 100 177 27
47621 95 178 27
47622 96 178 27
47623 97 178 27
47624 98 178 27
47625 99 178 27
47626 100 178 27
47888 95 179 27
47889 96 179 27
47890 97 179 27
47891 98 179 27
47892 99 179 27
47893 100 179 27
48155 95 180 27
48156 96 180 27
48157 97 180 27
48158 98 180 27
48159 99 180 27
48160 100 180 27
48422 95 181 27
48423 96 181 27
48424 97 181 27
48425 98 181 27
48426 99 181 27
48427 100 181 27
48689 95 182 27
48690 96 182 27
48691 97 182 27
48692 98 182 27
48693 99 182 27
48956 95 183 27
48957 96 183 27
48958 97 183 27
48959 98 183 27
48960 99 183 27
49223 95 184 27
49224 96 184 27
49225 97 184 27
49226 98 184 27
49227 99 184 27
49490 95 185 27
49491 96 185 27
49492 97 185 27
49493 98 185 27
49494 99 185 27
29536 166 110 28
29268 165 109 28
29535 165 110 28
29802 165 111 28
29269 166 109 28
29803 166 111 28
29270 167 109 28
29537 167 110 28
29804 167 111 28
29000 164 108 28
29267 164 109 28
29534 164 110 28
29001 165 108 28
29002 166 108 28
29801 164 111 28
30068 164 112 28
30069 165 112 28
30070 166 112 28
30071 167 112 28
29271 168 109 28
29538 168 110 28
29805 168 111 28
30072 168 112 28
28732 163 107 28
28999 163 108 28
29266 163 109 28
28733 164 107 28
29533 163 110 28
29800 163 111 28
30337 166 113 28
30338 167 113 28
30339 168 113 28
29539 169 110 28
29806 169 111 28
30073 169 112 28
30340 169 113 28
28731 162 107 28
28998 162 108 28
29265 162 109 28
29532 162 110 28
29799 162 111 28
30607 169 114 28
29540 170 110 28
29807 170 111 28
30074 170 112 28
30341 170 113 28
28463 161 106 28
28730 161 107 28
28997 161 108 28
29264 161 109 28
29531 161 110 28
29798 161 111 28
29541 171 110 28
29808 171 111 28
30075 171 112 28
30342 171 113 28
30609 171 114 28
28462 160 106 28
28729 160 107 28
28996 160 108 28
29263 160 109 28
29530 160 110 28
29797 160 111 28
29809 172 111 28
30076 172 112 28
30343 172 113 28
30610 172 114 28
30876 171 115 28
28461 159 106 28
28728 159 107 28
28995 159 108 28
29262 159 109 28
29529 159 110 28
29810 173 111 28
30077 173 112 28
30344 173 113 28
30611 173 114 28
30878 173 115 28
29261 158 109 28
29528 158 110 28
30078 174 112 28
30345 174 113 28
30612 174 114 28
30879 174 115 28
30079 175 112 28
30346 175 113 28
30613 175 114 28
30880 175 115 28
30080 176 112 28
30347 176 113 28
30614 176 114 28
30881 176 115 28
31148 176 116 28
30348 177 113 28
30615 177 114 28
30882 177 115 28
31149 177 116 28
31414 175 117 28
31415 176 117 28
31416 177 117 28
30616 178 114 28
30883 178 115 28
31150 178 116 28
31417 178 117 28
30617 179 114 28
30884 179 115 28
31151 179 116 28
31418 179 117 28
30885 180 115 28
31152 180 116 28
31419 180 117 28
31153 181 116 28
31420 181 117 28
31687 181 118 28
31154 182 116 28
31421 182 117 28
31688 182 118 28
31953 180 119 28
30886 181 115 28
31422 183 117 28
31689 183 118 28
31956 183 119 28
31156 184 116 28
31423 184 117 28
31690 184 118 28
31955 182 119 28
31957 184 119 28
32222 182 120 28
31424 185 117 28
31691 185 118 28
31958 185 119 28
32225 185 120 28
31425 186 117 28
31692 186 118 28
31959 186 119 28
32226 186 120 28
32491 184 121 28
31693 187 118 28
31960 187 119 28
32227 187 120 28
32494 187 121 28
32495 188 121 28
81004 103 303 29
80736 102 302 29
81003 102 303 29
81270 102 304 29
80737 103 302 29
81271 103 304 29
80738 104 302 29
81005 104 303 29
81272 104 304 29
80735 101 302 29
81002 101 303 29
81269 101 304 29
80739 105 302 29
81006 105 303 29
81273 105 304 29
80734 100 302 29
81001 100 303 29
81268 100 304 29
80740 106 302 29
81007 106 303 29
81274 106 304 29
80733 99 302 29
81000 99 303 29
81267 99 304 29
80741 107 302 29
81008 107 303 29
81275 107 304 29
80732 98 302 29
80999 98 303 29
81266 98 304 29
80475 108 301 29
80742 108 302 29
81009 108 303 29
81276 108 304 29
80731 97 302 29
80998 97 303 29
81265 97 304 29
80476 109 301 29
80743 109 302 29
81010 109 303 29
81277 109 304 29
80730 96 302 29
80997 96 303 29
80477 110 301 29
80744 110 302 29
81011 110 303 29
81278 110 304 29
80729 95 302 29
80996 95 303 29
80211 111 300 29
80478 111 301 29
80745 111 302 29
81012 111 303 29
81279 111 304 29
80728 94 302 29
80995 94 303 29
80212 112 300 29
80479 112 301 29
80746 112 302 29
81013 112 303 29
80727 93 302 29
79946 113 299 29
80213 113 300 29
80480 113 301 29
80747 113 302 29
81014 113 303 29
80459 92 301 29
80726 92 302 29
80214 114 300 29
80481 114 301 29
80748 114 302 29
81015 114 303 29
79948 115 299 29
80215 115 300 29
80482 115 301 29
80749 115 302 29
81016 115 303 29
79947 114 299 29
81017 116 303 29
79949 116 299 29
80216 116 300 29
80483 116 301 29
80750 116 302 29
80195 95 300 30
79927 94 299 30
80194 94 300 30
79928 95 299 30
79929 96 299 30
80196 96 300 30
79926 93 299 30
80193 93 300 30
80197 97 300 30
79925 92 299 30
80192 92 300 30
80198 98 300 30
79924 91 299 30
79656 90 298 30
79923 90 299 30
79657 91 298 30
79388 89 297 30
79655 89 298 30
79387 88 297 30
79654 88 298 30
79386 87 297 30
79118 86 296 30
78850 85 295 30
79117 85 296 30
79119 87 296 30
78849 84 295 30
69217 64 259 31
68949 63 258 31
69216 63 259 31
69483 63 260 31
68950 64 258 31
69484 64 260 31
68951 65 258 31
69218 65 259 31
69485 65 260 31
68681 62 257 31
68948 62 258 31
69215 62 259 31
68682 63 257 31
68683 64 257 31
69482 62 260 31
69749 62 261 31
69750 63 261 31
69751 64 261 31
68684 65 257 31
69752 65 261 31
69486 66 260 31
69753 66 261 31
68680 61 257 31
68416 64 256 31
70017 63 262 31
70018 64 262 31
70019 65 262 31
70020 66 262 31
68149 64 255 31
70284 63 263 31
70285 64 263 31
70286 65 263 31
70287 66 263 31
70288 67 263 31
67882 64 254 31
70551 63 264 31
70552 64 264 31
70553 65 264 31
70554 66 264 31
70555 67 264 31
70021 67 262 31
67615 64 253 31
70819 64 265 31
70820 65 265 31
70821 66 265 31
70822 67 265 31
70823 68 265 31
71086 64 266 31
71087 65 266 31
71088 66 266 31
71089 67 266 31
71090 68 266 31
71354 65 267 31
71355 66 267 31
71356 67 267 31
71357 68 267 31
71621 65 268 31
71622 66 268 31
71623 67 268 31
71624 68 268 31
71625 69 268 31
71888 65 269 31
71889 66 269 31
71890 67 269 31
71891 68 269 31
71892 69 269 31
71893 70 269 31
72156 66 270 31
72157 67 270 31
72158 68 270 31
72159 69 270 31
72423 66 271 31
72424 67 271 31
72425 68 271 31
72426 69 271 31
72427 70 271 31
72691 67 272 31
72692 68 272 31
72693 69 272 31
72694 70 272 31
72958 67 273 31
72959 68 273 31
72960 69 273 31
72961 70 273 31
73226 68 274 31
73228 70 274 31
73227 69 274 31
73229 71 274 31
73493 68 275 31
73494 69 275 31
73495 70 275 31
73496 71 275 31
72962 71 273 31
73497 72 275 31
73761 69 276 31
73762 70 276 31
73763 71 276 31
73764 72 276 31
74028 69 277 31
80486 119 301 32
80218 118 300 32
80485 118 301 32
80752 118 302 32
80219 119 300 32
80753 119 302 32
80220 120 300 32
80487 120 301 32
80754 120 302 32
80217 117 300 32
80484 117 301 32
79951 118 299 32
79952 119 299 32
80751 117 302 32
81018 117 303 32
81019 118 303 32
79953 120 299 32
79954 121 299 32
80221 121 300 32
80488 121 301 32
80755 121 302 32
79950 117 299 32
79955 122 299 32
80222 122 300 32
80489 122 301 32
80756 122 302 32
79682 116 298 32
79684 118 298 32
79689 123 298 32
79956 123 299 32
80223 123 300 32
80490 123 301 32
80757 123 302 32
79418 119 297 32
79690 124 298 32
79957 124 299 32
80224 124 300 32
80491 124 301 32
80758 124 302 32
79691 125 298 32
79958 125 299 32
80225 125 300 32
80492 125 301 32
80759 125 302 32
79692 126 298 32
79959 126 299 32
80226 126 300 32
80493 126 301 32
79693 127 298 32
79960 127 299 32
80227 127 300 32
80494 127 301 32
79694 128 298 32
79961 128 299 32
80228 128 300 32
80495 128 301 32
79695 129 298 32
79962 129 299 32
80229 129 300 32
80496 129 301 32
79696 130 298 32
79963 130 299 32
80230 130 300 32
80497 130 301 32
79430 131 297 32
79697 131 298 32
79964 131 299 32
80231 131 300 32
80498 131 301 32
79431 132 297 32
79698 132 298 32
79965 132 299 32
80232 132 300 32
79432 133 297 32
79699 133 298 32
79966 133 299 32
80233 133 300 32
79433 134 297 32
79700 134 298 32
79967 134 299 32
80234 134 300 32
79434 135 297 32
79701 135 298 32
79968 135 299 32
80235 135 300 32
79168 136 296 32
79435 136 297 32
79702 136 298 32
79969 136 299 32
80236 136 300 32
79169 137 296 32
79436 137 297 32
79703 137 298 32
79970 137 299 32
80237 137 300 32
79170 138 296 32
79437 138 297 32
79704 138 298 32
79971 138 299 32
79171 139 296 32
79438 139 297 32
79705 139 298 32
79972 139 299 32
78905 140 295 32
79172 140 296 32
79439 140 297 32
79706 140 298 32
79973 140 299 32
78906 141 295 32
79173 141 296 32
79440 141 297 32
79707 141 298 32
79974 141 299 32
78907 142 295 32
79174 142 296 32
79441 142 297 32
79708 142 298 32
78908 143 295 32
79175 143 296 32
79442 143 297 32
79709 143 298 32
78909 144 295 32
79176 144 296 32
79443 144 297 32
78643 145 294 32
78910 145 295 32
79177 145 296 32
79444 145 297 32
79711 145 298 32
78644 146 294 32
78911 146 295 32
79178 146 296 32
79445 146 297 32
78645 147 294 32
78912 147 295 32
79179 147 296 32
79446 147 297 32
78379 148 293 32
78646 148 294 32
78913 148 295 32
79180 148 296 32
79447 148 297 32
79448 149 297 32
78647 149 294 32
78914 149 295 32
79181 149 296 32
74031 72 277 33
74030 71 277 33
74297 71 278 33
74298 72 278 33
73765 73 276 33
74032 73 277 33
74299 73 278 33
74029 70 277 33
74296 70 278 33
74564 71 279 33
74565 72 279 33
74566 73 279 33
73498 73 275 33
74033 74 277 33
74300 74 278 33
74567 74 279 33
74831 71 280 33
74832 72 280 33
74833 73 280 33
74834 74 280 33
73230 72 274 33
74835 75 280 33
75099 72 281 33
75100 73 281 33
75101 74 281 33
75102 75 281 33
72963 72 273 33
75103 76 281 33
75366 72 282 33
75367 73 282 33
75368 74 282 33
75369 75 282 33
72428 71 271 33
72695 71 272 33
75634 73 283 33
78915 150 295 34
78648 150 294 34
79182 150 296 34
78649 151 294 34
78916 151 295 34
79183 151 296 34
78380 149 293 34
78381 150 293 34
78382 151 293 34
78383 152 293 34
78650 152 294 34
78917 152 295 34
79184 152 296 34
78116 152 292 34
78117 153 292 34
78384 153 293 34
78651 153 294 34
78918 153 295 34
78118 154 292 34
78385 154 293 34
78652 154 294 34
78919 154 295 34
77852 155 291 34
78119 155 292 34
78386 155 293 34
78653 155 294 34
78920 155 295 34
77853 156 291 34
78120 156 292 34
78387 156 293 34
78654 156 294 34
78921 156 295 34
77854 157 291 34
78121 157 292 34
78388 157 293 34
78655 157 294 34
78122 158 292 34
78389 158 293 34
78656 158 294 34
77856 159 291 34
78123 159 292 34
78390 159 293 34
78657 159 294 34
77857 160 291 34
78124 160 292 34
78391 160 293 34
77858 161 291 34
78125 161 292 34
77592 162 290 34
77859 162 291 34
78126 162 292 34
77593 163 290 34
77860 163 291 34
77594 164 290 34
77861 164 291 34
77328 165 289 34
77595 165 290 34
77060 164 288 34
77329 166 289 34
77596 166 290 34
77330 167 289 34
77064 168 288 34
77331 168 289 34
77598 168 290 34
76006 178 284 35
75738 177 283 35
76005 177 284 35
76272 177 285 35
75739 178 283 35
76273 178 285 35
75740 179 283 35
76007 179 284 35
76274 179 285 35
75737 176 283 35
76004 176 284 35
75471 177 282 35
75472 178 282 35
76271 176 285 35
76538 176 286 35
76539 177 286 35
76540 178 286 35
75473 179 282 35
75474 180 282 35
75741 180 283 35
76008 180 284 35
76275 180 285 35
75736 175 283 35
76003 175 284 35
76270 175 285 35
75206 179 281 35
76537 175 286 35
76804 175 287 35
76805 176 287 35
75207 180 281 35
75208 181 281 35
75475 181 282 35
75742 181 283 35
76009 181 284 35
76002 174 284 35
76269 174 285 35
76536 174 286 35
76803 174 287 35
74942 182 280 35
75209 182 281 35
75476 182 282 35
75743 182 283 35
76010 182 284 35
76001 173 284 35
76268 173 285 35
76535 173 286 35
76802 173 287 35
77069 173 288 35
74676 183 279 35
74943 183 280 35
75210 183 281 35
75477 183 282 35
75744 183 283 35
76267 172 285 35
76534 172 286 35
76801 172 287 35
77068 172 288 35
74677 184 279 35
74944 184 280 35
75211 184 281 35
75478 184 282 35
75745 184 283 35
76266 171 285 35
76533 171 286 35
76800 171 287 35
77067 171 288 35
77334 171 289 35
74411 185 278 35
74678 185 279 35
74945 185 280 35
75212 185 281 35
75479 185 282 35
76532 170 286 35
76799 170 287 35
77066 170 288 35
77333 170 289 35
77600 170 290 35
74145 186 277 35
74412 186 278 35
74679 186 279 35
74946 186 280 35
75213 186 281 35
76531 169 286 35
76798 169 287 35
77065 169 288 35
77332 169 289 35
77599 169 290 35
74413 187 278 35
74680 187 279 35
74947 187 280 35
75214 187 281 35
76797 168 287 35
74147 188 277 35
74414 188 278 35
74681 188 279 35
74948 188 280 35
76796 167 287 35
77063 167 288 35
73880 188 276 35
73881 189 276 35
74148 189 277 35
74415 189 278 35
74682 189 279 35
77062 166 288 35
74684 191 279 35
77061 165 288 35
74149 190 277 35
74416 190 278 35
74683 190 279 35
25995 96 97 36
25727 95 96 36
25994 95 97 36
25728 96 96 36
25726 94 96 36
25993 94 97 36
25725 93 96 36
25992 93 97 36
26259 93 98 36
25991 92 97 36
26258 92 98 36
25990 91 97 36
26257 91 98 36
25989 90 97 36
26256 90 98 36
26255 89 98 36
26522 89 99 36
26254 88 98 36
26521 88 99 36
26520 87 99 36
26787 87 100 36
26519 86 99 36
26786 86 100 36
26785 85 100 36
27052 85 101 36
26784 84 100 36
27051 84 101 36
27319 85 102 36
27050 83 101 36
27317 83 102 36
27585 84 103 36
27316 82 102 36
27583 82 103 36
27584 83 103 36
27318 84 102 36
27851 83 104 36
27582 81 103 36
27849 81 104 36
27850 82 104 36
27848 80 104 36
32412 105 121 37
32411 104 121 37
32678 104 122 37
32679 105 122 37
32143 103 120 37
32410 103 121 37
32677 103 122 37
32144 104 120 37
31875 102 119 37
32142 102 120 37
32409 102 121 37
31876 103 119 37
31877 104 119 37
32676 102 122 37
32141 101 120 37
32408 101 121 37
32675 101 122 37
31610 104 118 37
32942 101 123 37
32407 100 121 37
32674 100 122 37
32941 100 123 37
31344 105 117 37
73260 102 274 38
72992 101 273 38
73259 101 274 38
73526 101 275 38
72993 102 273 38
73527 102 275 38
73261 103 274 38
73528 103 275 38
72724 100 272 38
72991 100 273 38
73258 100 274 38
72725 101 272 38
73793 101 276 38
73794 102 276 38
73795 103 276 38
73529 104 275 38
73796 104 276 38
72456 99 271 38
72457 100 271 38
74060 101 277 38
74061 102 277 38
74062 103 277 38
74063 104 277 38
73797 105 276 38
74064 105 277 38
74328 102 278 38
74329 103 278 38
74330 104 278 38
74331 105 278 38
73798 106 276 38
74065 106 277 38
74332 106 278 38
74596 103 279 38
74597 104 279 38
74598 105 279 38
74864 104 280 38
74865 105 280 38
72744 120 272 39
72476 119 271 39
72743 119 272 39
73010 119 273 39
72477 120 271 39
73011 120 273 39
72478 121 271 39
72745 121 272 39
73012 121 273 39
72475 118 271 39
72742 118 272 39
72479 122 271 39
72746 122 272 39
73013 122 273 39
72741 117 272 39
72480 123 271 39
72747 123 272 39
73014 123 273 39
72481 124 271 39
72748 124 272 39
73015 124 273 39
72482 125 271 39
72749 125 272 39
73016 125 273 39
72483 126 271 39
72750 126 272 39
72484 127 271 39
80458 91 301 40
80190 90 300 40
80457 90 301 40
80725 91 302 40
80189 89 300 40
80456 89 301 40
79921 88 299 40
80188 88 300 40
79920 87 299 40
80187 87 300 40
79652 86 298 40
79919 86 299 40
79384 85 297 40
79651 85 298 40
79116 84 296 40
79383 84 297 40
79650 84 298 40
79115 83 296 40
79382 83 297 40
78847 82 295 40
79114 82 296 40
78579 81 294 40
78846 81 295 40
78311 80 293 40
78578 80 294 40
78310 79 293 40
40007 224 149 41
39740 224 148 41
40008 225 149 41
40275 225 150 41
39472 223 147 41
39473 224 147 41
39474 225 147 41
39741 225 148 41
39742 226 148 41
40009 226 149 41
40276 226 150 41
40543 226 151 41
39204 222 146 41
39205 223 146 41
39206 224 146 41
39207 225 146 41
39208 226 146 41
39475 226 147 41
39476 227 147 41
39743 227 148 41
40010 227 149 41
40277 227 150 41
40544 227 151 41
40811 227 152 41
38937 222 145 41
38938 223 145 41
38939 224 145 41
38940 225 145 41
38941 226 145 41
38942 227 145 41
39209 227 146 41
39210 228 146 41
39477 228 147 41
39744 228 148 41
40011 228 149 41
40278 228 150 41
40545 228 151 41
40812 228 152 41
41079 228 153 41
38669 221 144 41
38670 222 144 41
38671 223 144 41
38672 224 144 41
38673 225 144 41
38674 226 144 41
38675 227 144 41
38676 228 144 41
38943 228 145 41
38944 229 145 41
39211 229 146 41
39478 229 147 41
39745 229 148 41
40012 229 149 41
40279 229 150 41
40546 229 151 41
40813 229 152 41
38401 220 143 41
38402 221 143 41
38403 222 143 41
38404 223 143 41
38405 224 143 41
38406 225 143 41
38407 226 143 41
38408 227 143 41
38409 228 143 41
38410 229 143 41
38677 229 144 41
38678 230 144 41
38945 230 145 41
39212 230 146 41
39479 230 147 41
39746 230 148 41
40013 230 149 41
40280 230 150 41
40547 230 151 41
38136 222 142 41
38137 223 142 41
38138 224 142 41
38139 225 142 41
38140 226 142 41
38141 227 142 41
38142 228 142 41
38143 229 142 41
38144 230 142 41
38411 230 143 41
38412 231 143 41
38679 231 144 41
38946 231 145 41
39213 231 146 41
39480 231 147 41
39747 231 148 41
40014 231 149 41
37868 221 141 41
38135 221 142 41
37869 222 141 41
37870 223 141 41
37871 224 141 41
37872 225 141 41
37873 226 141 41
37874 227 141 41
37875 228 141 41
37876 229 141 41
37877 230 141 41
37878 231 141 41
38145 231 142 41
38146 232 142 41
38413 232 143 41
38680 232 144 41
38947 232 145 41
39214 232 146 41
39481 232 147 41
39748 232 148 41
40015 232 149 41
37602 222 140 41
37603 223 140 41
37604 224 140 41
37605 225 140 41
37606 226 140 41
37607 227 140 41
37608 228 140 41
37609 229 140 41
37610 230 140 41
37611 231 140 41
37612 232 140 41
37879 232 141 41
37880 233 141 41
38147 233 142 41
38414 233 143 41
38681 233 144 41
38948 233 145 41
39215 233 146 41
39482 233 147 41
39749 233 148 41
40016 233 149 41
37337 224 139 41
37338 225 139 41
37339 226 139 41
37340 227 139 41
37341 228 139 41
37342 229 139 41
37343 230 139 41
37344 231 139 41
37345 232 139 41
37346 233 139 41
37613 233 140 41
37614 234 140 41
37881 234 141 41
38148 234 142 41
38415 234 143 41
38682 234 144 41
38949 234 145 41
39216 234 146 41
39483 234 147 41
39750 234 148 41
40017 234 149 41
37071 225 138 41
37072 226 138 41
37073 227 138 41
37074 228 138 41
37075 229 138 41
37076 230 138 41
37077 231 138 41
37078 232 138 41
37079 233 138 41
37080 234 138 41
37347 234 139 41
37348 235 139 41
37615 235 140 41
37882 235 141 41
38149 235 142 41
38416 235 143 41
38683 235 144 41
38950 235 145 41
39217 235 146 41
39484 235 147 41
39751 235 148 41
36805 226 137 41
36806 227 137 41
36807 228 137 41
36808 229 137 41
36809 230 137 41
36810 231 137 41
36811 232 137 41
36812 233 137 41
36813 234 137 41
36814 235 137 41
37081 235 138 41
37082 236 138 41
37349 236 139 41
37616 236 140 41
37883 236 141 41
38150 236 142 41
38684 236 144 41
38951 236 145 41
39218 236 146 41
39485 236 147 41
39752 236 148 41
36540 228 136 41
36541 229 136 41
36542 230 136 41
36543 231 136 41
36544 232 136 41
36545 233 136 41
36546 234 136 41
36547 235 136 41
36548 236 136 41
36815 236 137 41
36816 237 137 41
37083 237 138 41
37350 237 139 41
37617 237 140 41
37884 237 141 41
38685 237 144 41
38952 237 145 41
39219 237 146 41
36274 229 135 41
36275 230 135 41
36276 231 135 41
36277 232 135 41
36278 233 135 41
36279 234 135 41
36280 235 135 41
36281 236 135 41
36282 237 135 41
36549 237 136 41
36550 238 136 41
36817 238 137 41
37084 238 138 41
37351 238 139 41
37618 238 140 41
37885 238 141 41
39487 238 147 41
36008 230 134 41
36011 233 134 41
36012 234 134 41
36013 235 134 41
36014 236 134 41
36015 237 134 41
36016 238 134 41
36283 238 135 41
36284 239 135 41
36551 239 136 41
36818 239 137 41
37085 239 138 41
37352 239 139 41
37619 239 140 41
37886 239 141 41
39754 238 148 41
39488 239 147 41
39755 239 148 41
35745 234 133 41
35746 235 133 41
35748 237 133 41
35749 238 133 41
35750 239 133 41
36017 239 134 41
36018 240 134 41
36285 240 135 41
36552 240 136 41
36819 240 137 41
37086 240 138 41
37353 240 139 41
37620 240 140 41
37887 240 141 41
35478 234 132 41
35482 238 132 41
37624 244 140 41
37623 243 140 41
37356 243 139 41
37089 243 138 41
37622 242 140 41
36286 241 135 41
36553 241 136 41
36820 241 137 41
37087 241 138 41
37354 241 139 41
37621 241 140 41
37355 242 139 41
37088 242 138 41
36821 242 137 41
36554 242 136 41
33366 258 124 42
33099 258 123 42
33633 258 125 42
33100 259 123 42
33367 259 124 42
33634 259 125 42
32833 259 122 42
33899 257 126 42
33900 258 126 42
33901 259 126 42
32834 260 122 42
33632 257 125 42
34166 257 127 42
34167 258 127 42
34168 259 127 42
34169 260 127 42
33101 260 123 42
32835 261 122 42
33102 261 123 42
33365 257 124 42
34165 256 127 42
34432 256 128 42
34433 257 128 42
34434 258 128 42
34435 259 128 42
33902 260 126 42
33903 261 126 42
34170 261 127 42
33368 260 124 42
33369 261 124 42
32836 262 122 42
33103 262 123 42
33370 262 124 42
33897 255 126 42
34164 255 127 42
33635 260 125 42
33636 261 125 42
33637 262 125 42
33904 262 126 42
34171 262 127 42
33629 254 125 42
33896 254 126 42
34163 254 127 42
33630 255 125 42
33361 253 124 42
33628 253 125 42
33895 253 126 42
33362 254 124 42
33363 255 124 42
34162 253 127 42
34429 253 128 42
33360 252 124 42
33627 252 125 42
33894 252 126 42
34161 252 127 42
34428 252 128 42
33092 251 123 42
33359 251 124 42
33626 251 125 42
33093 252 123 42
33893 251 126 42
34160 251 127 42
34427 251 128 42
33625 250 125 42
33892 250 126 42
34159 250 127 42
34426 250 128 42
34158 249 127 42
34425 249 128 42
34692 249 129 42
33890 248 126 42
34157 248 127 42
34424 248 128 42
34691 248 129 42
33622 247 125 42
33889 247 126 42
34156 247 127 42
34423 247 128 42
34690 247 129 42
33354 246 124 42
33888 246 126 42
33355 247 124 42
33356 248 124 42
34155 246 127 42
34422 246 128 42
34689 246 129 42
33088 247 123 42
33887 245 126 42
34421 245 128 42
34688 245 129 42
33886 244 126 42
74750 257 279 43
74482 256 278 43
74749 256 279 43
75016 256 280 43
74483 257 278 43
75017 257 280 43
74751 258 279 43
75018 258 280 43
74214 255 277 43
74748 255 279 43
74215 256 277 43
75285 258 281 43
73946 254 276 43
74213 254 277 43
74480 254 278 43
73947 255 276 43
74747 254 279 43
73945 253 276 43
74212 253 277 43
74479 253 278 43
73944 252 276 43
74211 252 277 43
73676 251 275 43
73943 251 276 43
74210 251 277 43
73942 250 276 43
74209 250 277 43
73941 249 276 43
73940 248 276 43
73939 247 276 43
