-95.7945
-96.8025
-100.307
-98.2856
-94.6149
-94.698
-97.0747
-100.223
-98.2622
-94.4054
-93.7056
-97.1226
-94.0215
-95.2967
-97.2509
-96.6809
-95.9571
-98.1677
-102.026
-94.2121
-96.2426
-97.59
-98.5858
-104.989
-95.0182
-96.2077
-103.017
-94.7078
-97.6208
-94.3091
-94.8145
-97.4975
-95.4935
-97.2142
-91.782
-92.1851
-90.9594
-104.299
-96.6885
-99.5481
-92.5735
-92.286
-90.9583
-97.8004
-95.0008
-97.3517
-94.054
-92.7306
-92.203
-100.611
-97.6886
-101.072
-95.0727
-93.6991
-96.9886
-98.0466
-98.2536
-95.3489
-93.8691
-98.9316
-98.338
-99.2032
-94.0424
-92.6531
-95.0872
-98.3524
-99.5153
-103.295
-90.2677
-90.9512
-91.8408
-100.364
-95.5051
-96.9849
-92.4287
-92.4469
-96.5651
-103
-97.7893
-101.118
-94.5656
-92.8533
-95.8579
-100.601
-99.0964
-94.112
-91.8325
-93.0648
-100.19
-98.7319
-95.6362
-92.2793
-93.6448
-98.8213
-98.6738
-104.26
-96.1435
-92.5282
-93.7834
-98.5657
-99.4544
-99.1799
-93.971
-91.6517
-92.3075
-105.655
-99.1944
-103.75
-91.6992
-90.7762
-91.7561
-104.367
-100.32
-92.4566
-90.8012
-91.0541
-101.894
-99.6045
-93.8305
-90.7995
-90.2816
-100.301
-100.303
-103.553
-90.1033
-89.7453
-89.5214
-99.9131
-103.908
-91.2508
-90.3037
-90.6014
-90.1876
-90.6448
-90.0752
